0.00000000000000000E0	0.00000000000000000E0
1.00000000000000000E-10	0.00000000000000000E0
2.00000000000000000E-10	0.00000000000000000E0
3.00000000000000000E-10	0.00000000000000000E0
4.00000000000000000E-10	0.00000000000000000E0
5.00000000000000000E-10	0.00000000000000000E0
6.00000000000000000E-10	0.00000000000000000E0
7.00000000000000090E-10	0.00000000000000000E0
8.00000000000000000E-10	0.00000000000000000E0
9.00000000000000180E-10	0.00000000000000000E0
1.00000000000000000E-9	0.00000000000000000E0
1.09999999999999990E-9	0.00000000000000000E0
1.20000000000000000E-9	0.00000000000000000E0
1.30000000000000000E-9	0.00000000000000000E0
1.40000000000000010E-9	0.00000000000000000E0
1.50000000000000000E-9	0.00000000000000000E0
1.60000000000000010E-9	0.00000000000000000E0
1.70000000000000040E-9	0.00000000000000000E0
1.80000000000000030E-9	0.00000000000000000E0
1.90000000000000040E-9	0.00000000000000000E0
2.00000000000000000E-9	0.00000000000000000E0
2.10000000000000050E-9	0.00000000000000000E0
2.19999999999999970E-9	0.00000000000000000E0
2.29999999999999980E-9	0.00000000000000000E0
2.39999999999999990E-9	0.00000000000000000E0
2.50000000000000000E-9	0.00000000000000000E0
2.60000000000000010E-9	0.00000000000000000E0
2.70000000000000060E-9	0.00000000000000000E0
2.80000000000000030E-9	0.00000000000000000E0
2.89999999999999950E-9	0.00000000000000000E0
3.00000000000000000E-9	0.00000000000000000E0
3.10000000000000010E-9	0.00000000000000000E0
3.20000000000000020E-9	0.00000000000000000E0
3.30000000000000030E-9	0.00000000000000000E0
3.40000000000000080E-9	0.00000000000000000E0
3.50000000000000040E-9	0.00000000000000000E0
3.60000000000000050E-9	0.00000000000000000E0
3.70000000000000060E-9	0.00000000000000000E0
3.80000000000000070E-9	0.00000000000000000E0
3.90000000000000080E-9	0.00000000000000000E0
4.00000000000000000E-9	0.00000000000000000E0
4.10000000000000050E-9	0.00000000000000000E0
4.20000000000000110E-9	0.00000000000000000E0
4.29999999999999890E-9	0.00000000000000000E0
4.39999999999999950E-9	0.00000000000000000E0
4.50000000000000090E-9	0.00000000000000000E0
4.59999999999999960E-9	0.00000000000000000E0
4.69999999999999930E-9	0.00000000000000000E0
4.79999999999999980E-9	0.00000000000000000E0
4.90000000000000040E-9	0.00000000000000000E0
5.00000000000000000E-9	0.00000000000000000E0
5.09999999999999960E-9	1.00000000000000070E-1
5.20000000000000020E-9	2.00000000000000130E-1
5.30000000000000070E-9	3.00000000000000220E-1
5.40000000000000120E-9	4.00000000000000270E-1
5.49999999999999910E-9	5.00000000000000360E-1
5.60000000000000050E-9	6.00000000000000440E-1
5.70000000000000110E-9	7.00000000000000360E-1
5.79999999999999890E-9	7.99999999999999730E-1
5.90000000000000040E-9	8.99999999999999640E-1
6.00000000000000000E-9	0.99999999999999978E0
6.10000000000000140E-9	1.00000000000000000E0
6.20000000000000020E-9	1.00000000000000000E0
6.29999999999999890E-9	1.00000000000000000E0
6.40000000000000040E-9	1.00000000000000000E0
6.50000000000000000E-9	1.00000000000000000E0
6.60000000000000050E-9	1.00000000000000000E0
6.70000000000000020E-9	1.00000000000000000E0
6.80000000000000160E-9	1.00000000000000000E0
6.90000000000000040E-9	1.00000000000000000E0
7.00000000000000090E-9	1.00000000000000000E0
7.09999999999999790E-9	1.00000000000000000E0
7.20000000000000110E-9	1.00000000000000000E0
7.29999999999999980E-9	1.00000000000000000E0
7.40000000000000120E-9	1.00000000000000000E0
7.50000000000000000E-9	1.00000000000000000E0
7.60000000000000140E-9	1.00000000000000000E0
7.69999999999999660E-9	1.00000000000000000E0
7.80000000000000160E-9	1.00000000000000000E0
7.89999999999999860E-9	1.00000000000000000E0
8.00000000000000000E-9	1.00000000000000000E0
8.10000000000000140E-9	1.00000000000000000E0
8.20000000000000110E-9	1.00000000000000000E0
8.30000000000000070E-9	1.00000000000000000E0
8.40000000000000210E-9	1.00000000000000000E0
8.50000000000000180E-9	1.00000000000000000E0
8.59999999999999790E-9	1.00000000000000000E0
8.69999999999999930E-9	1.00000000000000000E0
8.79999999999999890E-9	1.00000000000000000E0
8.89999999999999860E-9	1.00000000000000000E0
9.00000000000000180E-9	1.00000000000000000E0
9.10000000000000320E-9	1.00000000000000000E0
9.19999999999999930E-9	1.00000000000000000E0
9.29999999999999890E-9	1.00000000000000000E0
9.39999999999999860E-9	1.00000000000000000E0
9.50000000000000180E-9	1.00000000000000000E0
9.59999999999999960E-9	1.00000000000000000E0
9.69999999999999930E-9	1.00000000000000000E0
9.80000000000000070E-9	1.00000000000000000E0
9.89999999999999860E-9	1.00000000000000000E0
1.00000000000000000E-8	1.00000000000000000E0
1.01000000000000000E-8	1.00000000000000000E0
1.02000000000000000E-8	1.00000000000000000E0
1.02999999999999980E-8	1.00000000000000000E0
1.04000000000000000E-8	1.00000000000000000E0
1.05000000000000030E-8	1.00000000000000000E0
1.06000000000000010E-8	1.00000000000000000E0
1.07000000000000010E-8	1.00000000000000000E0
1.08000000000000030E-8	1.00000000000000000E0
1.08999999999999990E-8	1.00000000000000000E0
1.09999999999999990E-8	1.00000000000000000E0
1.10999999999999990E-8	1.00000000000000000E0
1.12000000000000010E-8	1.00000000000000000E0
1.13000000000000010E-8	1.00000000000000000E0
1.14000000000000010E-8	1.00000000000000000E0
1.14999999999999990E-8	1.00000000000000000E0
1.15999999999999970E-8	1.00000000000000000E0
1.17000000000000020E-8	1.00000000000000000E0
1.18000000000000020E-8	1.00000000000000000E0
1.19000000000000020E-8	1.00000000000000000E0
1.20000000000000000E-8	1.00000000000000000E0
1.21000000000000020E-8	1.00000000000000000E0
1.22000000000000020E-8	1.00000000000000000E0
1.23000000000000020E-8	1.00000000000000000E0
1.24000000000000000E-8	1.00000000000000000E0
1.25000000000000020E-8	1.00000000000000000E0
1.25999999999999980E-8	1.00000000000000000E0
1.27000000000000000E-8	1.00000000000000000E0
1.28000000000000000E-8	1.00000000000000000E0
1.28999999999999980E-8	1.00000000000000000E0
1.30000000000000000E-8	1.00000000000000000E0
1.31000000000000010E-8	1.00000000000000000E0
1.32000000000000010E-8	1.00000000000000000E0
1.33000000000000010E-8	1.00000000000000000E0
1.34000000000000010E-8	1.00000000000000000E0
1.35000000000000010E-8	1.00000000000000000E0
1.36000000000000030E-8	1.00000000000000000E0
1.37000000000000010E-8	1.00000000000000000E0
1.38000000000000010E-8	1.00000000000000000E0
1.39000000000000010E-8	1.00000000000000000E0
1.40000000000000010E-8	1.00000000000000000E0
1.41000000000000010E-8	1.00000000000000000E0
1.41999999999999950E-8	1.00000000000000000E0
1.42999999999999990E-8	1.00000000000000000E0
1.44000000000000020E-8	1.00000000000000000E0
1.45000000000000000E-8	1.00000000000000000E0
1.46000000000000000E-8	1.00000000000000000E0
1.47000000000000020E-8	1.00000000000000000E0
1.48000000000000020E-8	1.00000000000000000E0
1.49000000000000020E-8	1.00000000000000000E0
1.50000000000000000E-8	1.00000000000000000E0
1.51000000000000000E-8	1.00000000000000000E0
1.52000000000000020E-8	1.00000000000000000E0
1.53000000000000020E-8	1.00000000000000000E0
1.53999999999999940E-8	1.00000000000000000E0
1.55000000000000000E-8	1.00000000000000000E0
1.56000000000000030E-8	1.00000000000000000E0
1.57000000000000030E-8	1.00000000000000000E0
1.57999999999999960E-8	1.00000000000000000E0
1.59000000000000030E-8	1.00000000000000000E0
1.60000000000000010E-8	1.00000000000000000E0
1.61000000000000010E-8	1.00000000000000000E0
1.62000000000000030E-8	1.00000000000000000E0
1.62999999999999990E-8	1.00000000000000000E0
1.64000000000000030E-8	1.00000000000000000E0
1.65000000000000010E-8	1.00000000000000000E0
1.66000000000000010E-8	1.00000000000000000E0
1.66999999999999990E-8	1.00000000000000000E0
1.68000000000000040E-8	1.00000000000000000E0
1.68999999999999990E-8	1.00000000000000000E0
1.70000000000000040E-8	1.00000000000000000E0
1.71000000000000040E-8	1.00000000000000000E0
1.71999999999999980E-8	1.00000000000000000E0
1.73000000000000000E-8	1.00000000000000000E0
1.73999999999999980E-8	1.00000000000000000E0
1.75000000000000020E-8	1.00000000000000000E0
1.75999999999999980E-8	1.00000000000000000E0
1.77000000000000000E-8	1.00000000000000000E0
1.77999999999999980E-8	1.00000000000000000E0
1.79000000000000030E-8	1.00000000000000000E0
1.80000000000000030E-8	1.00000000000000000E0
1.81000000000000010E-8	1.00000000000000000E0
1.82000000000000050E-8	1.00000000000000000E0
1.83000000000000010E-8	1.00000000000000000E0
1.83999999999999990E-8	1.00000000000000000E0
1.85000000000000030E-8	1.00000000000000000E0
1.85999999999999990E-8	1.00000000000000000E0
1.87000000000000060E-8	1.00000000000000000E0
1.87999999999999970E-8	1.00000000000000000E0
1.89000000000000010E-8	1.00000000000000000E0
1.90000000000000040E-8	1.00000000000000000E0
1.91000000000000040E-8	1.00000000000000000E0
1.91999999999999990E-8	1.00000000000000000E0
1.93000000000000060E-8	1.00000000000000000E0
1.93999999999999990E-8	1.00000000000000000E0
1.95000000000000020E-8	1.00000000000000000E0
1.96000000000000000E-8	1.00000000000000000E0
1.97000000000000020E-8	1.00000000000000000E0
1.97999999999999980E-8	1.00000000000000000E0
1.99000000000000020E-8	1.00000000000000000E0
2.00000000000000000E-8	1.00000000000000000E0
2.01000000000000020E-8	1.00000000000000000E0
2.02000000000000000E-8	1.00000000000000000E0
2.03000000000000020E-8	1.00000000000000000E0
2.04000000000000000E-8	1.00000000000000000E0
2.05000000000000030E-8	1.00000000000000000E0
2.05999999999999960E-8	1.00000000000000000E0
2.06999999999999940E-8	1.00000000000000000E0
2.08000000000000010E-8	1.00000000000000000E0
2.09000000000000030E-8	1.00000000000000000E0
2.10000000000000050E-8	1.00000000000000000E0
2.11000000000000030E-8	1.00000000000000000E0
2.12000000000000010E-8	1.00000000000000000E0
2.12999999999999990E-8	1.00000000000000000E0
2.14000000000000010E-8	1.00000000000000000E0
2.14999999999999950E-8	1.00000000000000000E0
2.16000000000000060E-8	1.00000000000000000E0
2.17000000000000130E-8	1.00000000000000000E0
2.17999999999999970E-8	1.00000000000000000E0
2.19000000000000040E-8	1.00000000000000000E0
2.19999999999999970E-8	1.00000000000000000E0
2.21000000000000040E-8	1.00000000000000000E0
2.21999999999999980E-8	1.00000000000000000E0
2.23000000000000000E-8	1.00000000000000000E0
2.24000000000000020E-8	1.00000000000000000E0
2.25000000000000040E-8	1.00000000000000000E0
2.26000000000000020E-8	1.00000000000000000E0
2.27000000000000050E-8	1.00000000000000000E0
2.28000000000000020E-8	1.00000000000000000E0
2.29000000000000000E-8	1.00000000000000000E0
2.29999999999999980E-8	1.00000000000000000E0
2.31000000000000050E-8	1.00000000000000000E0
2.31999999999999940E-8	1.00000000000000000E0
2.33000000000000010E-8	1.00000000000000000E0
2.34000000000000030E-8	1.00000000000000000E0
2.34999999999999960E-8	1.00000000000000000E0
2.36000000000000030E-8	1.00000000000000000E0
2.37000000000000010E-8	1.00000000000000000E0
2.38000000000000030E-8	1.00000000000000000E0
2.38999999999999970E-8	1.00000000000000000E0
2.39999999999999990E-8	1.00000000000000000E0
2.40999999999999930E-8	1.00000000000000000E0
2.42000000000000040E-8	1.00000000000000000E0
2.43000000000000100E-8	1.00000000000000000E0
2.44000000000000040E-8	1.00000000000000000E0
2.45000000000000020E-8	1.00000000000000000E0
2.46000000000000040E-8	1.00000000000000000E0
2.46999999999999980E-8	1.00000000000000000E0
2.48000000000000000E-8	1.00000000000000000E0
2.49000000000000070E-8	1.00000000000000000E0
2.50000000000000040E-8	1.00000000000000000E0
2.50999999999999980E-8	1.00000000000000000E0
2.51999999999999960E-8	1.00000000000000000E0
2.52999999999999940E-8	1.00000000000000000E0
2.54000000000000000E-8	1.00000000000000000E0
2.54999999999999980E-8	1.00000000000000000E0
2.56000000000000010E-8	1.00000000000000000E0
2.57000000000000070E-8	1.00000000000000000E0
2.57999999999999960E-8	1.00000000000000000E0
2.58999999999999990E-8	1.00000000000000000E0
2.60000000000000010E-8	1.00000000000000000E0
2.61000000000000080E-8	1.00000000000000000E0
2.62000000000000010E-8	1.00000000000000000E0
2.62999999999999990E-8	1.00000000000000000E0
2.64000000000000010E-8	1.00000000000000000E0
2.65000000000000040E-8	1.00000000000000000E0
2.66000000000000010E-8	1.00000000000000000E0
2.66999999999999950E-8	1.00000000000000000E0
2.68000000000000020E-8	1.00000000000000000E0
2.68999999999999950E-8	1.00000000000000000E0
2.70000000000000020E-8	1.00000000000000000E0
2.71000000000000000E-8	1.00000000000000000E0
2.72000000000000060E-8	1.00000000000000000E0
2.72999999999999950E-8	1.00000000000000000E0
2.74000000000000020E-8	1.00000000000000000E0
2.74999999999999960E-8	1.00000000000000000E0
2.76000000000000020E-8	1.00000000000000000E0
2.76999999999999960E-8	1.00000000000000000E0
2.78000000000000020E-8	1.00000000000000000E0
2.79000000000000000E-8	1.00000000000000000E0
2.80000000000000030E-8	1.00000000000000000E0
2.81000000000000050E-8	1.00000000000000000E0
2.82000000000000030E-8	1.00000000000000000E0
2.83000000000000010E-8	1.00000000000000000E0
2.83999999999999900E-8	1.00000000000000000E0
2.85000000000000050E-8	1.00000000000000000E0
2.85999999999999990E-8	1.00000000000000000E0
2.86999999999999970E-8	1.00000000000000000E0
2.88000000000000030E-8	1.00000000000000000E0
2.89000000000000060E-8	1.00000000000000000E0
2.89999999999999990E-8	1.00000000000000000E0
2.91000000000000100E-8	1.00000000000000000E0
2.91999999999999990E-8	1.00000000000000000E0
2.93000000000000060E-8	1.00000000000000000E0
2.94000000000000040E-8	1.00000000000000000E0
2.95000000000000020E-8	1.00000000000000000E0
2.96000000000000040E-8	1.00000000000000000E0
2.97000000000000060E-8	1.00000000000000000E0
2.98000000000000040E-8	1.00000000000000000E0
2.98999999999999980E-8	1.00000000000000000E0
3.00000000000000000E-8	1.00000000000000000E0
3.00999999999999930E-8	1.00000000000000000E0
3.02000000000000000E-8	1.00000000000000000E0
3.02999999999999980E-8	1.00000000000000000E0
3.04000000000000050E-8	1.00000000000000000E0
3.05000000000000070E-8	1.00000000000000000E0
3.06000000000000050E-8	1.00000000000000000E0
3.06999999999999980E-8	1.00000000000000000E0
3.07999999999999870E-8	1.00000000000000000E0
3.08999999999999940E-8	1.00000000000000000E0
3.10000000000000010E-8	1.00000000000000000E0
3.11000000000000030E-8	1.00000000000000000E0
3.12000000000000060E-8	1.00000000000000000E0
3.12999999999999990E-8	1.00000000000000000E0
3.14000000000000060E-8	1.00000000000000000E0
3.15000000000000040E-8	1.00000000000000000E0
3.15999999999999930E-8	1.00000000000000000E0
3.16999999999999990E-8	1.00000000000000000E0
3.18000000000000060E-8	1.00000000000000000E0
3.19000000000000040E-8	1.00000000000000000E0
3.20000000000000020E-8	1.00000000000000000E0
3.21000000000000090E-8	1.00000000000000000E0
3.22000000000000020E-8	1.00000000000000000E0
3.22999999999999950E-8	1.00000000000000000E0
3.24000000000000070E-8	1.00000000000000000E0
3.25000000000000000E-8	1.00000000000000000E0
3.25999999999999980E-8	1.00000000000000000E0
3.27000000000000050E-8	1.00000000000000000E0
3.28000000000000070E-8	1.00000000000000000E0
3.29000000000000090E-8	1.00000000000000000E0
3.30000000000000030E-8	1.00000000000000000E0
3.30999999999999960E-8	1.00000000000000000E0
3.32000000000000030E-8	1.00000000000000000E0
3.33000000000000010E-8	1.00000000000000000E0
3.33999999999999990E-8	1.00000000000000000E0
3.35000000000000010E-8	1.00000000000000000E0
3.36000000000000080E-8	1.00000000000000000E0
3.37000000000000010E-8	1.00000000000000000E0
3.37999999999999990E-8	1.00000000000000000E0
3.39000000000000060E-8	1.00000000000000000E0
3.40000000000000080E-8	1.00000000000000000E0
3.41000000000000100E-8	1.00000000000000000E0
3.42000000000000080E-8	1.00000000000000000E0
3.42999999999999970E-8	1.00000000000000000E0
3.43999999999999950E-8	1.00000000000000000E0
3.45000000000000020E-8	1.00000000000000000E0
3.46000000000000000E-8	1.00000000000000000E0
3.47000000000000020E-8	1.00000000000000000E0
3.47999999999999950E-8	1.00000000000000000E0
3.48999999999999980E-8	1.00000000000000000E0
3.50000000000000040E-8	1.00000000000000000E0
3.50999999999999980E-8	1.00000000000000000E0
3.51999999999999960E-8	1.00000000000000000E0
3.52999999999999980E-8	1.00000000000000000E0
3.54000000000000000E-8	1.00000000000000000E0
3.54999999999999890E-8	1.00000000000000000E0
3.55999999999999960E-8	1.00000000000000000E0
3.57000000000000120E-8	1.00000000000000000E0
3.58000000000000050E-8	1.00000000000000000E0
3.58999999999999990E-8	1.00000000000000000E0
3.60000000000000050E-8	1.00000000000000000E0
3.61000000000000120E-8	1.00000000000000000E0
3.62000000000000010E-8	1.00000000000000000E0
3.63000000000000030E-8	1.00000000000000000E0
3.64000000000000100E-8	1.00000000000000000E0
3.64999999999999990E-8	1.00000000000000000E0
3.66000000000000010E-8	1.00000000000000000E0
3.67000000000000040E-8	1.00000000000000000E0
3.67999999999999970E-8	1.00000000000000000E0
3.68999999999999950E-8	1.00000000000000000E0
3.70000000000000060E-8	1.00000000000000000E0
3.71000000000000000E-8	1.00000000000000000E0
3.71999999999999980E-8	1.00000000000000000E0
3.73000000000000040E-8	1.00000000000000000E0
3.74000000000000110E-8	1.00000000000000000E0
3.75000000000000000E-8	1.00000000000000000E0
3.75999999999999930E-8	1.00000000000000000E0
3.77000000000000000E-8	1.00000000000000000E0
3.78000000000000020E-8	1.00000000000000000E0
3.79000000000000000E-8	1.00000000000000000E0
3.80000000000000070E-8	1.00000000000000000E0
3.81000000000000010E-8	1.00000000000000000E0
3.82000000000000070E-8	1.00000000000000000E0
3.83000000000000010E-8	1.00000000000000000E0
3.83999999999999990E-8	1.00000000000000000E0
3.85000000000000010E-8	1.00000000000000000E0
3.86000000000000120E-8	1.00000000000000000E0
3.87000000000000100E-8	1.00000000000000000E0
3.87999999999999990E-8	1.00000000000000000E0
3.89000000000000150E-8	1.00000000000000000E0
3.90000000000000040E-8	1.00000000000000000E0
3.91000000000000010E-8	1.00000000000000000E0
3.91999999999999990E-8	1.00000000000000000E0
3.92999999999999970E-8	1.00000000000000000E0
3.94000000000000040E-8	1.00000000000000000E0
3.95000000000000060E-8	1.00000000000000000E0
3.95999999999999950E-8	1.00000000000000000E0
3.96999999999999840E-8	1.00000000000000000E0
3.98000000000000040E-8	1.00000000000000000E0
3.98999999999999980E-8	1.00000000000000000E0
4.00000000000000000E-8	1.00000000000000000E0
4.00999999999999980E-8	1.00000000000000000E0
4.02000000000000050E-8	1.00000000000000000E0
4.03000000000000020E-8	1.00000000000000000E0
4.04000000000000000E-8	1.00000000000000000E0
4.05000000000000070E-8	1.00000000000000000E0
4.06000000000000050E-8	1.00000000000000000E0
4.07000000000000120E-8	1.00000000000000000E0
4.08000000000000010E-8	1.00000000000000000E0
4.08999999999999990E-8	1.00000000000000000E0
4.10000000000000050E-8	1.00000000000000000E0
4.10999999999999940E-8	1.00000000000000000E0
4.11999999999999920E-8	1.00000000000000000E0
4.13000000000000080E-8	1.00000000000000000E0
4.13999999999999880E-8	1.00000000000000000E0
4.15000000000000040E-8	1.00000000000000000E0
4.16000000000000010E-8	1.00000000000000000E0
4.17000000000000080E-8	1.00000000000000000E0
4.18000000000000060E-8	1.00000000000000000E0
4.18999999999999950E-8	1.00000000000000000E0
4.20000000000000110E-8	1.00000000000000000E0
4.20999999999999910E-8	1.00000000000000000E0
4.22000000000000060E-8	1.00000000000000000E0
4.22999999999999950E-8	1.00000000000000000E0
4.24000000000000020E-8	1.00000000000000000E0
4.25000000000000090E-8	1.00000000000000000E0
4.25999999999999980E-8	1.00000000000000000E0
4.26999999999999960E-8	1.00000000000000000E0
4.28000000000000020E-8	1.00000000000000000E0
4.29000000000000090E-8	1.00000000000000000E0
4.29999999999999890E-8	1.00000000000000000E0
4.31000000000000050E-8	1.00000000000000000E0
4.32000000000000120E-8	1.00000000000000000E0
4.33000000000000010E-8	1.00000000000000000E0
4.34000000000000250E-8	1.00000000000000000E0
4.34999999999999960E-8	1.00000000000000000E0
4.35999999999999940E-8	1.00000000000000000E0
4.37000000000000100E-8	1.00000000000000000E0
4.38000000000000080E-8	1.00000000000000000E0
4.39000000000000060E-8	1.00000000000000000E0
4.39999999999999950E-8	1.00000000000000000E0
4.41000000000000010E-8	1.00000000000000000E0
4.42000000000000080E-8	1.00000000000000000E0
4.42999999999999970E-8	1.00000000000000000E0
4.43999999999999950E-8	1.00000000000000000E0
4.44999999999999930E-8	1.00000000000000000E0
4.46000000000000000E-8	1.00000000000000000E0
4.47000000000000060E-8	1.00000000000000000E0
4.48000000000000040E-8	1.00000000000000000E0
4.48999999999999930E-8	1.00000000000000000E0
4.50000000000000090E-8	1.00000000000000000E0
4.50999999999999980E-8	1.00000000000000000E0
4.52000000000000050E-8	1.00000000000000000E0
4.53000000000000110E-8	1.00000000000000000E0
4.54000000000000090E-8	1.00000000000000000E0
4.55000000000000160E-8	1.00000000000000000E0
4.56000000000000050E-8	1.00000000000000000E0
4.56999999999999940E-8	1.00000000000000000E0
4.58000000000000010E-8	1.00000000000000000E0
4.58999999999999990E-8	1.00000000000000000E0
4.59999999999999960E-8	1.00000000000000000E0
4.60999999999999940E-8	1.00000000000000000E0
4.62000000000000100E-8	1.00000000000000000E0
4.63000000000000080E-8	1.00000000000000000E0
4.63999999999999880E-8	1.00000000000000000E0
4.64999999999999950E-8	1.00000000000000000E0
4.66000000000000010E-8	1.00000000000000000E0
4.67000000000000080E-8	1.00000000000000000E0
4.68000000000000060E-8	1.00000000000000000E0
4.68999999999999950E-8	1.00000000000000000E0
4.69999999999999930E-8	1.00000000000000000E0
4.71000000000000000E-8	1.00000000000000000E0
4.72000000000000060E-8	1.00000000000000000E0
4.73000000000000040E-8	1.00000000000000000E0
4.74000000000000020E-8	1.00000000000000000E0
4.75000000000000090E-8	1.00000000000000000E0
4.76000000000000070E-8	1.00000000000000000E0
4.76999999999999960E-8	1.00000000000000000E0
4.77999999999999940E-8	1.00000000000000000E0
4.79000000000000000E-8	1.00000000000000000E0
4.79999999999999980E-8	1.00000000000000000E0
4.81000000000000050E-8	1.00000000000000000E0
4.81999999999999850E-8	1.00000000000000000E0
4.83000000000000100E-8	1.00000000000000000E0
4.84000000000000070E-8	1.00000000000000000E0
4.84999999999999960E-8	1.00000000000000000E0
4.86000000000000210E-8	1.00000000000000000E0
4.86999999999999920E-8	1.00000000000000000E0
4.88000000000000080E-8	1.00000000000000000E0
4.88999999999999970E-8	1.00000000000000000E0
4.90000000000000040E-8	1.00000000000000000E0
4.91000000000000010E-8	1.00000000000000000E0
4.92000000000000080E-8	1.00000000000000000E0
4.93000000000000240E-8	1.00000000000000000E0
4.93999999999999950E-8	1.00000000000000000E0
4.94999999999999930E-8	1.00000000000000000E0
4.96000000000000000E-8	1.00000000000000000E0
4.97000000000000060E-8	1.00000000000000000E0
4.98000000000000130E-8	1.00000000000000000E0
4.98999999999999840E-8	1.00000000000000000E0
5.00000000000000090E-8	1.00000000000000000E0
5.00999999999999890E-8	1.00000000000000000E0
5.01999999999999960E-8	1.00000000000000000E0
5.03000000000000020E-8	1.00000000000000000E0
5.03999999999999910E-8	1.00000000000000000E0
5.04999999999999980E-8	1.00000000000000000E0
5.05999999999999870E-8	1.00000000000000000E0
5.07000000000000120E-8	1.00000000000000000E0
5.08000000000000010E-8	1.00000000000000000E0
5.08999999999999990E-8	1.00000000000000000E0
5.09999999999999960E-8	1.00000000000000000E0
5.11000000000000120E-8	1.00000000000000000E0
5.12000000000000010E-8	1.00000000000000000E0
5.12999999999999990E-8	1.00000000000000000E0
5.14000000000000150E-8	1.00000000000000000E0
5.15000000000000040E-8	1.00000000000000000E0
5.15999999999999930E-8	1.00000000000000000E0
5.16999999999999990E-8	1.00000000000000000E0
5.17999999999999970E-8	1.00000000000000000E0
5.19000000000000040E-8	1.00000000000000000E0
5.20000000000000020E-8	1.00000000000000000E0
5.21000000000000090E-8	1.00000000000000000E0
5.22000000000000150E-8	1.00000000000000000E0
5.23000000000000040E-8	1.00000000000000000E0
5.24000000000000020E-8	1.00000000000000000E0
5.25000000000000180E-8	1.00000000000000000E0
5.25999999999999980E-8	1.00000000000000000E0
5.27000000000000140E-8	1.00000000000000000E0
5.28000000000000020E-8	1.00000000000000000E0
5.28999999999999910E-8	1.00000000000000000E0
5.30000000000000070E-8	1.00000000000000000E0
5.31000000000000140E-8	1.00000000000000000E0
5.32000000000000030E-8	1.00000000000000000E0
5.33000000000000010E-8	1.00000000000000000E0
5.33999999999999900E-8	1.00000000000000000E0
5.35000000000000050E-8	1.00000000000000000E0
5.36000000000000030E-8	1.00000000000000000E0
5.37000000000000010E-8	1.00000000000000000E0
5.37999999999999900E-8	1.00000000000000000E0
5.39000000000000060E-8	1.00000000000000000E0
5.40000000000000040E-8	1.00000000000000000E0
5.40999999999999930E-8	1.00000000000000000E0
5.41999999999999990E-8	1.00000000000000000E0
5.43000000000000060E-8	1.00000000000000000E0
5.44000000000000130E-8	1.00000000000000000E0
5.45000000000000020E-8	1.00000000000000000E0
5.45999999999999910E-8	1.00000000000000000E0
5.46999999999999890E-8	1.00000000000000000E0
5.48000000000000040E-8	1.00000000000000000E0
5.49000000000000020E-8	1.00000000000000000E0
5.49999999999999910E-8	1.00000000000000000E0
5.50999999999999980E-8	1.00000000000000000E0
5.52000000000000050E-8	1.00000000000000000E0
5.53000000000000020E-8	1.00000000000000000E0
5.53999999999999910E-8	1.00000000000000000E0
5.54999999999999890E-8	1.00000000000000000E0
5.56000000000000050E-8	1.00000000000000000E0
5.56999999999999940E-8	1.00000000000000000E0
5.58000000000000010E-8	1.00000000000000000E0
5.59000000000000070E-8	1.00000000000000000E0
5.60000000000000050E-8	1.00000000000000000E0
5.61000000000000030E-8	1.00000000000000000E0
5.62000000000000100E-8	1.00000000000000000E0
5.63000000000000080E-8	1.00000000000000000E0
5.64000000000000060E-8	1.00000000000000000E0
5.65000000000000040E-8	1.00000000000000000E0
5.66000000000000010E-8	1.00000000000000000E0
5.66999999999999990E-8	1.00000000000000000E0
5.67999999999999790E-8	1.00000000000000000E0
5.69000000000000040E-8	1.00000000000000000E0
5.70000000000000110E-8	1.00000000000000000E0
5.71000000000000170E-8	1.00000000000000000E0
5.71999999999999980E-8	1.00000000000000000E0
5.73000000000000220E-8	1.00000000000000000E0
5.73999999999999930E-8	1.00000000000000000E0
5.75000000000000000E-8	1.00000000000000000E0
5.76000000000000070E-8	1.00000000000000000E0
5.77000000000000050E-8	1.00000000000000000E0
5.78000000000000110E-8	1.00000000000000000E0
5.78999999999999910E-8	1.00000000000000000E0
5.79999999999999980E-8	1.00000000000000000E0
5.80999999999999960E-8	1.00000000000000000E0
5.82000000000000210E-8	1.00000000000000000E0
5.83000000000000100E-8	1.00000000000000000E0
5.83999999999999990E-8	1.00000000000000000E0
5.85000000000000050E-8	1.00000000000000000E0
5.86000000000000120E-8	1.00000000000000000E0
5.86999999999999920E-8	1.00000000000000000E0
5.88000000000000080E-8	1.00000000000000000E0
5.88999999999999970E-8	1.00000000000000000E0
5.90000000000000040E-8	1.00000000000000000E0
5.91000000000000010E-8	1.00000000000000000E0
5.92000000000000080E-8	1.00000000000000000E0
5.92999999999999970E-8	1.00000000000000000E0
5.94000000000000130E-8	1.00000000000000000E0
5.95000000000000110E-8	1.00000000000000000E0
5.96000000000000090E-8	1.00000000000000000E0
5.96999999999999980E-8	1.00000000000000000E0
5.97999999999999950E-8	1.00000000000000000E0
5.99000000000000110E-8	1.00000000000000000E0
6.00000000000000000E-8	1.00000000000000000E0
6.00999999999999980E-8	1.00000000000000000E0
6.01999999999999870E-8	1.00000000000000000E0
6.03000000000000110E-8	1.00000000000000000E0
6.04000000000000000E-8	1.00000000000000000E0
6.05000000000000070E-8	1.00000000000000000E0
6.05999999999999960E-8	1.00000000000000000E0
6.07000000000000030E-8	1.00000000000000000E0
6.08000000000000100E-8	1.00000000000000000E0
6.09000000000000070E-8	1.00000000000000000E0
6.10000000000000140E-8	1.00000000000000000E0
6.10999999999999940E-8	1.00000000000000000E0
6.12000000000000100E-8	1.00000000000000000E0
6.12999999999999990E-8	1.00000000000000000E0
6.13999999999999970E-8	1.00000000000000000E0
6.15000000000000120E-8	1.00000000000000000E0
6.15999999999999750E-8	1.00000000000000000E0
6.17000000000000170E-8	1.00000000000000000E0
6.17999999999999880E-8	1.00000000000000000E0
6.18999999999999950E-8	1.00000000000000000E0
6.20000000000000020E-8	1.00000000000000000E0
6.21000000000000000E-8	1.00000000000000000E0
6.22000000000000060E-8	1.00000000000000000E0
6.23000000000000130E-8	1.00000000000000000E0
6.24000000000000110E-8	1.00000000000000000E0
6.25000000000000000E-8	1.00000000000000000E0
6.25999999999999980E-8	1.00000000000000000E0
6.26999999999999960E-8	1.00000000000000000E0
6.28000000000000110E-8	1.00000000000000000E0
6.29000000000000090E-8	1.00000000000000000E0
6.30000000000000070E-8	1.00000000000000000E0
6.31000000000000050E-8	1.00000000000000000E0
6.31999999999999850E-8	1.00000000000000000E0
6.33000000000000100E-8	1.00000000000000000E0
6.33999999999999990E-8	1.00000000000000000E0
6.34999999999999960E-8	1.00000000000000000E0
6.36000000000000120E-8	1.00000000000000000E0
6.36999999999999920E-8	1.00000000000000000E0
6.38000000000000080E-8	1.00000000000000000E0
6.38999999999999790E-8	1.00000000000000000E0
6.40000000000000040E-8	1.00000000000000000E0
6.41000000000000010E-8	1.00000000000000000E0
6.42000000000000170E-8	1.00000000000000000E0
6.42999999999999970E-8	1.00000000000000000E0
6.44000000000000040E-8	1.00000000000000000E0
6.44999999999999930E-8	1.00000000000000000E0
6.45999999999999910E-8	1.00000000000000000E0
6.47000000000000060E-8	1.00000000000000000E0
6.48000000000000130E-8	1.00000000000000000E0
6.49000000000000110E-8	1.00000000000000000E0
6.50000000000000000E-8	1.00000000000000000E0
6.50999999999999980E-8	1.00000000000000000E0
6.51999999999999960E-8	1.00000000000000000E0
6.53000000000000020E-8	1.00000000000000000E0
6.54000000000000090E-8	1.00000000000000000E0
6.55000000000000070E-8	1.00000000000000000E0
6.56000000000000140E-8	1.00000000000000000E0
6.57000000000000030E-8	1.00000000000000000E0
6.58000000000000180E-8	1.00000000000000000E0
6.58999999999999990E-8	1.00000000000000000E0
6.60000000000000050E-8	1.00000000000000000E0
6.61000000000000300E-8	1.00000000000000000E0
6.61999999999999920E-8	1.00000000000000000E0
6.63000000000000260E-8	1.00000000000000000E0
6.64000000000000060E-8	1.00000000000000000E0
6.65000000000000040E-8	1.00000000000000000E0
6.66000000000000010E-8	1.00000000000000000E0
6.66999999999999990E-8	1.00000000000000000E0
6.67999999999999970E-8	1.00000000000000000E0
6.69000000000000040E-8	1.00000000000000000E0
6.70000000000000020E-8	1.00000000000000000E0
6.71000000000000090E-8	1.00000000000000000E0
6.72000000000000150E-8	1.00000000000000000E0
6.73000000000000040E-8	1.00000000000000000E0
6.74000000000000020E-8	1.00000000000000000E0
6.75000000000000000E-8	1.00000000000000000E0
6.75999999999999980E-8	1.00000000000000000E0
6.77000000000000050E-8	1.00000000000000000E0
6.78000000000000110E-8	1.00000000000000000E0
6.79000000000000180E-8	1.00000000000000000E0
6.80000000000000160E-8	1.00000000000000000E0
6.80999999999999960E-8	1.00000000000000000E0
6.82000000000000210E-8	1.00000000000000000E0
6.83000000000000010E-8	1.00000000000000000E0
6.84000000000000160E-8	1.00000000000000000E0
6.85000000000000050E-8	1.00000000000000000E0
6.85999999999999940E-8	1.00000000000000000E0
6.86999999999999920E-8	1.00000000000000000E0
6.87999999999999900E-8	1.00000000000000000E0
6.88999999999999880E-8	1.00000000000000000E0
6.90000000000000040E-8	1.00000000000000000E0
6.90999999999999930E-8	1.00000000000000000E0
6.91999999999999990E-8	1.00000000000000000E0
6.93000000000000060E-8	1.00000000000000000E0
6.94000000000000040E-8	1.00000000000000000E0
6.95000000000000110E-8	1.00000000000000000E0
6.95999999999999910E-8	1.00000000000000000E0
6.97000000000000060E-8	1.00000000000000000E0
6.97999999999999950E-8	1.00000000000000000E0
6.99000000000000020E-8	1.00000000000000000E0
7.00000000000000090E-8	1.00000000000000000E0
7.01000000000000070E-8	1.00000000000000000E0
7.01999999999999960E-8	1.00000000000000000E0
7.03000000000000110E-8	1.00000000000000000E0
7.03999999999999910E-8	1.00000000000000000E0
7.05000000000000070E-8	1.00000000000000000E0
7.05999999999999960E-8	1.00000000000000000E0
7.07000000000000030E-8	1.00000000000000000E0
7.08000000000000010E-8	1.00000000000000000E0
7.09000000000000160E-8	1.00000000000000000E0
7.09999999999999790E-8	1.00000000000000000E0
7.10999999999999940E-8	1.00000000000000000E0
7.11999999999999920E-8	1.00000000000000000E0
7.13000000000000080E-8	1.00000000000000000E0
7.14000000000000230E-8	1.00000000000000000E0
7.14999999999999950E-8	1.00000000000000000E0
7.16000000000000100E-8	1.00000000000000000E0
7.16999999999999820E-8	1.00000000000000000E0
7.17999999999999970E-8	1.00000000000000000E0
7.19000000000000130E-8	1.00000000000000000E0
7.20000000000000110E-8	1.00000000000000000E0
7.21000000000000090E-8	1.00000000000000000E0
7.22000000000000240E-8	1.00000000000000000E0
7.23000000000000220E-8	1.00000000000000000E0
7.24000000000000020E-8	1.00000000000000000E0
7.25000000000000000E-8	1.00000000000000000E0
7.26000000000000070E-8	1.00000000000000000E0
7.26999999999999960E-8	1.00000000000000000E0
7.28000000000000200E-8	1.00000000000000000E0
7.28999999999999910E-8	1.00000000000000000E0
7.29999999999999980E-8	1.00000000000000000E0
7.30999999999999870E-8	1.00000000000000000E0
7.32000000000000030E-8	1.00000000000000000E0
7.33000000000000100E-8	1.00000000000000000E0
7.34000000000000070E-8	1.00000000000000000E0
7.35000000000000140E-8	1.00000000000000000E0
7.35999999999999940E-8	1.00000000000000000E0
7.37000000000000010E-8	1.00000000000000000E0
7.37999999999999900E-8	1.00000000000000000E0
7.39000000000000060E-8	1.00000000000000000E0
7.40000000000000120E-8	1.00000000000000000E0
7.41000000000000100E-8	1.00000000000000000E0
7.41999999999999990E-8	1.00000000000000000E0
7.42999999999999880E-8	1.00000000000000000E0
7.43999999999999950E-8	1.00000000000000000E0
7.45000000000000020E-8	1.00000000000000000E0
7.46000000000000090E-8	1.00000000000000000E0
7.47000000000000060E-8	1.00000000000000000E0
7.48000000000000220E-8	1.00000000000000000E0
7.49000000000000110E-8	1.00000000000000000E0
7.50000000000000000E-8	1.00000000000000000E0
7.51000000000000160E-8	1.00000000000000000E0
7.51999999999999870E-8	1.00000000000000000E0
7.53000000000000200E-8	1.00000000000000000E0
7.54000000000000000E-8	1.00000000000000000E0
7.54999999999999980E-8	1.00000000000000000E0
7.56000000000000050E-8	1.00000000000000000E0
7.56999999999999850E-8	1.00000000000000000E0
7.58000000000000010E-8	1.00000000000000000E0
7.58999999999999900E-8	1.00000000000000000E0
7.60000000000000140E-8	1.00000000000000000E0
7.61000000000000030E-8	1.00000000000000000E0
7.62000000000000010E-8	1.00000000000000000E0
7.62999999999999900E-8	1.00000000000000000E0
7.64000000000000150E-8	1.00000000000000000E0
7.65000000000000120E-8	1.00000000000000000E0
7.66000000000000010E-8	1.00000000000000000E0
7.66999999999999900E-8	1.00000000000000000E0
7.67999999999999970E-8	1.00000000000000000E0
7.69000000000000130E-8	1.00000000000000000E0
7.70000000000000020E-8	1.00000000000000000E0
7.71000000000000000E-8	1.00000000000000000E0
7.72000000000000240E-8	1.00000000000000000E0
7.72999999999999780E-8	1.00000000000000000E0
7.74000000000000200E-8	1.00000000000000000E0
7.75000000000000000E-8	1.00000000000000000E0
7.75999999999999980E-8	1.00000000000000000E0
7.77000000000000050E-8	1.00000000000000000E0
7.78000000000000290E-8	1.00000000000000000E0
7.79000000000000270E-8	1.00000000000000000E0
7.80000000000000070E-8	1.00000000000000000E0
7.81000000000000050E-8	1.00000000000000000E0
7.82000000000000030E-8	1.00000000000000000E0
7.83000000000000180E-8	1.00000000000000000E0
7.83999999999999990E-8	1.00000000000000000E0
7.85000000000000140E-8	1.00000000000000000E0
7.85999999999999940E-8	1.00000000000000000E0
7.86999999999999920E-8	1.00000000000000000E0
7.88000000000000080E-8	1.00000000000000000E0
7.89000000000000150E-8	1.00000000000000000E0
7.90000000000000120E-8	1.00000000000000000E0
7.91000000000000010E-8	1.00000000000000000E0
7.91999999999999900E-8	1.00000000000000000E0
7.93000000000000150E-8	1.00000000000000000E0
7.93999999999999680E-8	1.00000000000000000E0
7.95000000000000110E-8	1.00000000000000000E0
7.96000000000000090E-8	1.00000000000000000E0
7.96999999999999890E-8	1.00000000000000000E0
7.97999999999999950E-8	1.00000000000000000E0
7.99000000000000290E-8	1.00000000000000000E0
8.00000000000000000E-8	1.00000000000000000E0
8.00999999999999980E-8	1.00000000000000000E0
8.01999999999999960E-8	1.00000000000000000E0
8.03000000000000110E-8	1.00000000000000000E0
8.04000000000000090E-8	1.00000000000000000E0
8.05000000000000070E-8	1.00000000000000000E0
8.06000000000000050E-8	1.00000000000000000E0
8.07000000000000030E-8	1.00000000000000000E0
8.08000000000000010E-8	1.00000000000000000E0
8.08999999999999990E-8	1.00000000000000000E0
8.10000000000000140E-8	1.00000000000000000E0
8.11000000000000120E-8	1.00000000000000000E0
8.12000000000000100E-8	1.00000000000000000E0
8.13000000000000260E-8	1.00000000000000000E0
8.14000000000000230E-8	1.00000000000000000E0
8.14999999999999860E-8	1.00000000000000000E0
8.16000000000000010E-8	1.00000000000000000E0
8.16999999999999820E-8	1.00000000000000000E0
8.17999999999999970E-8	1.00000000000000000E0
8.18999999999999950E-8	1.00000000000000000E0
8.20000000000000110E-8	1.00000000000000000E0
8.21000000000000090E-8	1.00000000000000000E0
8.21999999999999890E-8	1.00000000000000000E0
8.23000000000000220E-8	1.00000000000000000E0
8.23999999999999840E-8	1.00000000000000000E0
8.25000000000000000E-8	1.00000000000000000E0
8.26000000000000160E-8	1.00000000000000000E0
8.26999999999999960E-8	1.00000000000000000E0
8.27999999999999760E-8	1.00000000000000000E0
8.28999999999999910E-8	1.00000000000000000E0
8.30000000000000070E-8	1.00000000000000000E0
8.30999999999999870E-8	1.00000000000000000E0
8.32000000000000030E-8	1.00000000000000000E0
8.33000000000000180E-8	1.00000000000000000E0
8.34000000000000160E-8	1.00000000000000000E0
8.34999999999999960E-8	1.00000000000000000E0
8.36000000000000120E-8	1.00000000000000000E0
8.37000000000000100E-8	1.00000000000000000E0
8.37999999999999900E-8	1.00000000000000000E0
8.39000000000000230E-8	1.00000000000000000E0
8.40000000000000210E-8	1.00000000000000000E0
8.41000000000000010E-8	1.00000000000000000E0
8.41999999999999820E-8	1.00000000000000000E0
8.42999999999999970E-8	1.00000000000000000E0
8.44000000000000130E-8	1.00000000000000000E0
8.45000000000000110E-8	1.00000000000000000E0
8.45999999999999910E-8	1.00000000000000000E0
8.46999999999999890E-8	1.00000000000000000E0
8.48000000000000040E-8	1.00000000000000000E0
8.49000000000000020E-8	1.00000000000000000E0
8.50000000000000180E-8	1.00000000000000000E0
8.51000000000000160E-8	1.00000000000000000E0
8.51999999999999960E-8	1.00000000000000000E0
8.52999999999999940E-8	1.00000000000000000E0
8.53999999999999910E-8	1.00000000000000000E0
8.55000000000000250E-8	1.00000000000000000E0
8.56000000000000050E-8	1.00000000000000000E0
8.57000000000000030E-8	1.00000000000000000E0
8.58000000000000180E-8	1.00000000000000000E0
8.58999999999999990E-8	1.00000000000000000E0
8.59999999999999790E-8	1.00000000000000000E0
8.60999999999999940E-8	1.00000000000000000E0
8.62000000000000100E-8	1.00000000000000000E0
8.62999999999999900E-8	1.00000000000000000E0
8.64000000000000230E-8	1.00000000000000000E0
8.65000000000000040E-8	1.00000000000000000E0
8.66000000000000010E-8	1.00000000000000000E0
8.66999999999999820E-8	1.00000000000000000E0
8.68000000000000500E-8	1.00000000000000000E0
8.68999999999999950E-8	1.00000000000000000E0
8.69999999999999930E-8	1.00000000000000000E0
8.71000000000000090E-8	1.00000000000000000E0
8.71999999999999890E-8	1.00000000000000000E0
8.73000000000000220E-8	1.00000000000000000E0
8.74000000000000200E-8	1.00000000000000000E0
8.75000000000000180E-8	1.00000000000000000E0
8.76000000000000160E-8	1.00000000000000000E0
8.76999999999999960E-8	1.00000000000000000E0
8.78000000000000110E-8	1.00000000000000000E0
8.78999999999999910E-8	1.00000000000000000E0
8.79999999999999890E-8	1.00000000000000000E0
8.81000000000000050E-8	1.00000000000000000E0
8.82000000000000030E-8	1.00000000000000000E0
8.83000000000000180E-8	1.00000000000000000E0
8.84000000000000160E-8	1.00000000000000000E0
8.84999999999999960E-8	1.00000000000000000E0
8.85999999999999940E-8	1.00000000000000000E0
8.87000000000000100E-8	1.00000000000000000E0
8.87999999999999900E-8	1.00000000000000000E0
8.89000000000000230E-8	1.00000000000000000E0
8.89999999999999860E-8	1.00000000000000000E0
8.91000000000000190E-8	1.00000000000000000E0
8.91999999999999990E-8	1.00000000000000000E0
8.92999999999999970E-8	1.00000000000000000E0
8.94000000000000130E-8	1.00000000000000000E0
8.95000000000000110E-8	1.00000000000000000E0
8.96000000000000090E-8	1.00000000000000000E0
8.97000000000000060E-8	1.00000000000000000E0
8.97999999999999860E-8	1.00000000000000000E0
8.99000000000000020E-8	1.00000000000000000E0
9.00000000000000180E-8	1.00000000000000000E0
9.00999999999999800E-8	1.00000000000000000E0
9.01999999999999960E-8	1.00000000000000000E0
9.02999999999999940E-8	1.00000000000000000E0
9.04000000000000090E-8	1.00000000000000000E0
9.05000000000000250E-8	1.00000000000000000E0
9.06000000000000230E-8	1.00000000000000000E0
9.07000000000000030E-8	1.00000000000000000E0
9.08000000000000180E-8	1.00000000000000000E0
9.08999999999999990E-8	1.00000000000000000E0
9.10000000000000320E-8	1.00000000000000000E0
9.10999999999999940E-8	1.00000000000000000E0
9.12000000000000100E-8	1.00000000000000000E0
9.12999999999999900E-8	1.00000000000000000E0
9.13999999999999880E-8	1.00000000000000000E0
9.15000000000000040E-8	1.00000000000000000E0
9.16000000000000010E-8	1.00000000000000000E0
9.16999999999999990E-8	1.00000000000000000E0
9.17999999999999970E-8	1.00000000000000000E0
9.19000000000000130E-8	1.00000000000000000E0
9.19999999999999930E-8	1.00000000000000000E0
9.21000000000000090E-8	1.00000000000000000E0
9.21999999999999890E-8	1.00000000000000000E0
9.23000000000000040E-8	1.00000000000000000E0
9.24000000000000200E-8	1.00000000000000000E0
9.25000000000000180E-8	1.00000000000000000E0
9.26000000000000160E-8	1.00000000000000000E0
9.26999999999999960E-8	1.00000000000000000E0
9.27999999999999760E-8	1.00000000000000000E0
9.29000000000000090E-8	1.00000000000000000E0
9.29999999999999890E-8	1.00000000000000000E0
9.31000000000000230E-8	1.00000000000000000E0
9.32000000000000030E-8	1.00000000000000000E0
9.33000000000000010E-8	1.00000000000000000E0
9.34000000000000160E-8	1.00000000000000000E0
9.34999999999999790E-8	1.00000000000000000E0
9.36000000000000120E-8	1.00000000000000000E0
9.37000000000000100E-8	1.00000000000000000E0
9.37999999999999900E-8	1.00000000000000000E0
9.39000000000000060E-8	1.00000000000000000E0
9.39999999999999860E-8	1.00000000000000000E0
9.41000000000000010E-8	1.00000000000000000E0
9.41999999999999990E-8	1.00000000000000000E0
9.42999999999999620E-8	1.00000000000000000E0
9.44000000000000130E-8	1.00000000000000000E0
9.45000000000000110E-8	1.00000000000000000E0
9.46000000000000090E-8	1.00000000000000000E0
9.47000000000000060E-8	1.00000000000000000E0
9.48000000000000040E-8	1.00000000000000000E0
9.49000000000000380E-8	1.00000000000000000E0
9.50000000000000180E-8	1.00000000000000000E0
9.51000000000000160E-8	1.00000000000000000E0
9.52000000000000140E-8	1.00000000000000000E0
9.52999999999999940E-8	1.00000000000000000E0
9.53999999999999910E-8	1.00000000000000000E0
9.55000000000000070E-8	1.00000000000000000E0
9.55999999999999870E-8	1.00000000000000000E0
9.57000000000000210E-8	1.00000000000000000E0
9.58000000000000010E-8	1.00000000000000000E0
9.58999999999999990E-8	1.00000000000000000E0
9.59999999999999960E-8	1.00000000000000000E0
9.60999999999999940E-8	1.00000000000000000E0
9.62000000000000100E-8	1.00000000000000000E0
9.63000000000000080E-8	1.00000000000000000E0
9.63999999999999700E-8	1.00000000000000000E0
9.65000000000000210E-8	1.00000000000000000E0
9.66000000000000190E-8	1.00000000000000000E0
9.67000000000000170E-8	1.00000000000000000E0
9.68000000000000150E-8	1.00000000000000000E0
9.69000000000000130E-8	1.00000000000000000E0
9.69999999999999930E-8	1.00000000000000000E0
9.70999999999999910E-8	1.00000000000000000E0
9.72000000000000420E-8	1.00000000000000000E0
9.73000000000000040E-8	1.00000000000000000E0
9.73999999999999840E-8	1.00000000000000000E0
9.75000000000000000E-8	1.00000000000000000E0
9.76000000000000160E-8	1.00000000000000000E0
9.77000000000000140E-8	1.00000000000000000E0
9.77999999999999940E-8	1.00000000000000000E0
9.78999999999999910E-8	1.00000000000000000E0
9.80000000000000070E-8	1.00000000000000000E0
9.81000000000000050E-8	1.00000000000000000E0
9.82000000000000030E-8	1.00000000000000000E0
9.82999999999999830E-8	1.00000000000000000E0
9.84000000000000160E-8	1.00000000000000000E0
9.85000000000000140E-8	1.00000000000000000E0
9.86000000000000480E-8	1.00000000000000000E0
9.87000000000000100E-8	1.00000000000000000E0
9.87999999999999900E-8	1.00000000000000000E0
9.89000000000000060E-8	1.00000000000000000E0
9.89999999999999860E-8	1.00000000000000000E0
9.91000000000000190E-8	1.00000000000000000E0
9.91999999999999990E-8	1.00000000000000000E0
9.93000000000000150E-8	1.00000000000000000E0
9.94000000000000130E-8	1.00000000000000000E0
9.95000000000000110E-8	1.00000000000000000E0
9.96000000000000260E-8	1.00000000000000000E0
9.97000000000000060E-8	1.00000000000000000E0
9.97999999999999690E-8	1.00000000000000000E0
9.99000000000000020E-8	1.00000000000000000E0
1.00000000000000020E-7	1.00000000000000000E0
1.00100000000000030E-7	1.00000000000000000E0
1.00199999999999980E-7	1.00000000000000000E0
1.00300000000000010E-7	1.00000000000000000E0
1.00400000000000000E-7	1.00000000000000000E0
1.00500000000000010E-7	1.00000000000000000E0
1.00600000000000000E-7	1.00000000000000000E0
1.00700000000000010E-7	1.00000000000000000E0
1.00799999999999980E-7	1.00000000000000000E0
1.00899999999999990E-7	1.00000000000000000E0
1.01000000000000000E-7	1.00000000000000000E0
1.01099999999999990E-7	1.00000000000000000E0
1.01199999999999980E-7	1.00000000000000000E0
1.01299999999999990E-7	1.00000000000000000E0
1.01400000000000020E-7	1.00000000000000000E0
1.01500000000000010E-7	1.00000000000000000E0
1.01600000000000000E-7	1.00000000000000000E0
1.01699999999999990E-7	1.00000000000000000E0
1.01800000000000000E-7	1.00000000000000000E0
1.01900000000000010E-7	1.00000000000000000E0
1.02000000000000000E-7	1.00000000000000000E0
1.02099999999999990E-7	1.00000000000000000E0
1.02200000000000020E-7	1.00000000000000000E0
1.02300000000000040E-7	1.00000000000000000E0
1.02400000000000000E-7	1.00000000000000000E0
1.02499999999999990E-7	1.00000000000000000E0
1.02600000000000000E-7	1.00000000000000000E0
1.02700000000000010E-7	1.00000000000000000E0
1.02800000000000020E-7	1.00000000000000000E0
1.02900000000000010E-7	1.00000000000000000E0
1.03000000000000000E-7	1.00000000000000000E0
1.03099999999999990E-7	1.00000000000000000E0
1.03199999999999980E-7	1.00000000000000000E0
1.03299999999999990E-7	1.00000000000000000E0
1.03400000000000000E-7	1.00000000000000000E0
1.03500000000000010E-7	1.00000000000000000E0
1.03600000000000000E-7	1.00000000000000000E0
1.03699999999999990E-7	1.00000000000000000E0
1.03800000000000000E-7	1.00000000000000000E0
1.03899999999999990E-7	1.00000000000000000E0
1.04000000000000000E-7	1.00000000000000000E0
1.04100000000000010E-7	1.00000000000000000E0
1.04200000000000030E-7	1.00000000000000000E0
1.04300000000000010E-7	1.00000000000000000E0
1.04400000000000030E-7	1.00000000000000000E0
1.04499999999999990E-7	1.00000000000000000E0
1.04600000000000000E-7	1.00000000000000000E0
1.04700000000000020E-7	1.00000000000000000E0
1.04800000000000000E-7	1.00000000000000000E0
1.04899999999999990E-7	1.00000000000000000E0
1.05000000000000030E-7	1.00000000000000000E0
1.05100000000000020E-7	1.00000000000000000E0
1.05200000000000000E-7	1.00000000000000000E0
1.05299999999999990E-7	1.00000000000000000E0
1.05400000000000030E-7	1.00000000000000000E0
1.05500000000000020E-7	1.00000000000000000E0
1.05600000000000000E-7	1.00000000000000000E0
1.05699999999999990E-7	1.00000000000000000E0
1.05799999999999980E-7	1.00000000000000000E0
1.05899999999999990E-7	1.00000000000000000E0
1.06000000000000010E-7	1.00000000000000000E0
1.06100000000000020E-7	1.00000000000000000E0
1.06200000000000030E-7	1.00000000000000000E0
1.06299999999999990E-7	1.00000000000000000E0
1.06400000000000010E-7	1.00000000000000000E0
1.06499999999999990E-7	1.00000000000000000E0
1.06600000000000010E-7	1.00000000000000000E0
1.06700000000000020E-7	1.00000000000000000E0
1.06799999999999980E-7	1.00000000000000000E0
1.06900000000000020E-7	1.00000000000000000E0
1.07000000000000010E-7	1.00000000000000000E0
1.07100000000000000E-7	1.00000000000000000E0
1.07200000000000010E-7	1.00000000000000000E0
1.07300000000000000E-7	1.00000000000000000E0
1.07400000000000010E-7	1.00000000000000000E0
1.07499999999999970E-7	1.00000000000000000E0
1.07599999999999980E-7	1.00000000000000000E0
1.07700000000000000E-7	1.00000000000000000E0
1.07800000000000010E-7	1.00000000000000000E0
1.07900000000000020E-7	1.00000000000000000E0
1.08000000000000010E-7	1.00000000000000000E0
1.08100000000000020E-7	1.00000000000000000E0
1.08199999999999990E-7	1.00000000000000000E0
1.08300000000000000E-7	1.00000000000000000E0
1.08400000000000010E-7	1.00000000000000000E0
1.08500000000000000E-7	1.00000000000000000E0
1.08600000000000010E-7	1.00000000000000000E0
1.08699999999999970E-7	1.00000000000000000E0
1.08800000000000030E-7	1.00000000000000000E0
1.08900000000000000E-7	1.00000000000000000E0
1.09000000000000010E-7	1.00000000000000000E0
1.09100000000000020E-7	1.00000000000000000E0
1.09199999999999990E-7	1.00000000000000000E0
1.09299999999999970E-7	1.00000000000000000E0
1.09399999999999990E-7	1.00000000000000000E0
1.09500000000000020E-7	1.00000000000000000E0
1.09600000000000010E-7	1.00000000000000000E0
1.09700000000000000E-7	1.00000000000000000E0
1.09800000000000010E-7	1.00000000000000000E0
1.09900000000000000E-7	1.00000000000000000E0
1.09999999999999990E-7	1.00000000000000000E0
1.10100000000000000E-7	1.00000000000000000E0
1.10199999999999990E-7	1.00000000000000000E0
1.10300000000000000E-7	1.00000000000000000E0
1.10400000000000010E-7	1.00000000000000000E0
1.10500000000000020E-7	1.00000000000000000E0
1.10600000000000010E-7	1.00000000000000000E0
1.10700000000000020E-7	1.00000000000000000E0
1.10799999999999990E-7	1.00000000000000000E0
1.10900000000000020E-7	1.00000000000000000E0
1.10999999999999990E-7	1.00000000000000000E0
1.11100000000000000E-7	1.00000000000000000E0
1.11200000000000010E-7	1.00000000000000000E0
1.11300000000000020E-7	1.00000000000000000E0
1.11399999999999990E-7	1.00000000000000000E0
1.11500000000000000E-7	1.00000000000000000E0
1.11600000000000010E-7	1.00000000000000000E0
1.11700000000000000E-7	1.00000000000000000E0
1.11800000000000010E-7	1.00000000000000000E0
1.11900000000000000E-7	1.00000000000000000E0
1.12000000000000010E-7	1.00000000000000000E0
1.12099999999999980E-7	1.00000000000000000E0
1.12200000000000010E-7	1.00000000000000000E0
1.12300000000000020E-7	1.00000000000000000E0
1.12400000000000010E-7	1.00000000000000000E0
1.12500000000000020E-7	1.00000000000000000E0
1.12600000000000010E-7	1.00000000000000000E0
1.12700000000000040E-7	1.00000000000000000E0
1.12800000000000010E-7	1.00000000000000000E0
1.12899999999999980E-7	1.00000000000000000E0
1.13000000000000010E-7	1.00000000000000000E0
1.13100000000000000E-7	1.00000000000000000E0
1.13200000000000010E-7	1.00000000000000000E0
1.13300000000000000E-7	1.00000000000000000E0
1.13399999999999990E-7	1.00000000000000000E0
1.13500000000000020E-7	1.00000000000000000E0
1.13599999999999970E-7	1.00000000000000000E0
1.13700000000000020E-7	1.00000000000000000E0
1.13800000000000010E-7	1.00000000000000000E0
1.13900000000000000E-7	1.00000000000000000E0
1.14000000000000010E-7	1.00000000000000000E0
1.14100000000000000E-7	1.00000000000000000E0
1.14200000000000030E-7	1.00000000000000000E0
1.14299999999999980E-7	1.00000000000000000E0
1.14399999999999990E-7	1.00000000000000000E0
1.14500000000000000E-7	1.00000000000000000E0
1.14600000000000040E-7	1.00000000000000000E0
1.14700000000000000E-7	1.00000000000000000E0
1.14799999999999990E-7	1.00000000000000000E0
1.14900000000000000E-7	1.00000000000000000E0
1.14999999999999990E-7	1.00000000000000000E0
1.15100000000000000E-7	1.00000000000000000E0
1.15200000000000010E-7	1.00000000000000000E0
1.15299999999999980E-7	1.00000000000000000E0
1.15400000000000010E-7	1.00000000000000000E0
1.15500000000000020E-7	1.00000000000000000E0
1.15600000000000010E-7	1.00000000000000000E0
1.15700000000000000E-7	1.00000000000000000E0
1.15799999999999990E-7	1.00000000000000000E0
1.15900000000000030E-7	1.00000000000000000E0
1.15999999999999990E-7	1.00000000000000000E0
1.16099999999999980E-7	1.00000000000000000E0
1.16199999999999990E-7	1.00000000000000000E0
1.16300000000000030E-7	1.00000000000000000E0
1.16400000000000040E-7	1.00000000000000000E0
1.16500000000000000E-7	1.00000000000000000E0
1.16600000000000010E-7	1.00000000000000000E0
1.16700000000000000E-7	1.00000000000000000E0
1.16799999999999990E-7	1.00000000000000000E0
1.16900000000000030E-7	1.00000000000000000E0
1.17000000000000020E-7	1.00000000000000000E0
1.17100000000000000E-7	1.00000000000000000E0
1.17200000000000020E-7	1.00000000000000000E0
1.17300000000000000E-7	1.00000000000000000E0
1.17399999999999990E-7	1.00000000000000000E0
1.17499999999999980E-7	1.00000000000000000E0
1.17600000000000020E-7	1.00000000000000000E0
1.17700000000000000E-7	1.00000000000000000E0
1.17799999999999990E-7	1.00000000000000000E0
1.17900000000000030E-7	1.00000000000000000E0
1.18000000000000020E-7	1.00000000000000000E0
1.18100000000000000E-7	1.00000000000000000E0
1.18199999999999990E-7	1.00000000000000000E0
1.18300000000000030E-7	1.00000000000000000E0
1.18400000000000020E-7	1.00000000000000000E0
1.18500000000000010E-7	1.00000000000000000E0
1.18599999999999990E-7	1.00000000000000000E0
1.18699999999999980E-7	1.00000000000000000E0
1.18800000000000020E-7	1.00000000000000000E0
1.18899999999999980E-7	1.00000000000000000E0
1.19000000000000020E-7	1.00000000000000000E0
1.19100000000000010E-7	1.00000000000000000E0
1.19200000000000020E-7	1.00000000000000000E0
1.19300000000000030E-7	1.00000000000000000E0
1.19400000000000000E-7	1.00000000000000000E0
1.19499999999999980E-7	1.00000000000000000E0
1.19600000000000000E-7	1.00000000000000000E0
1.19699999999999960E-7	1.00000000000000000E0
1.19800000000000020E-7	1.00000000000000000E0
1.19900000000000010E-7	1.00000000000000000E0
1.20000000000000000E-7	1.00000000000000000E0
1.20100000000000010E-7	1.00000000000000000E0
1.20200000000000000E-7	1.00000000000000000E0
1.20300000000000030E-7	1.00000000000000000E0
1.20399999999999970E-7	1.00000000000000000E0
1.20499999999999960E-7	1.00000000000000000E0
1.20600000000000020E-7	1.00000000000000000E0
1.20700000000000010E-7	1.00000000000000000E0
1.20800000000000000E-7	1.00000000000000000E0
1.20900000000000010E-7	1.00000000000000000E0
1.21000000000000020E-7	1.00000000000000000E0
1.21099999999999990E-7	1.00000000000000000E0
1.21200000000000000E-7	1.00000000000000000E0
1.21300000000000010E-7	1.00000000000000000E0
1.21400000000000000E-7	1.00000000000000000E0
1.21499999999999990E-7	1.00000000000000000E0
1.21600000000000020E-7	1.00000000000000000E0
1.21700000000000010E-7	1.00000000000000000E0
1.21800000000000020E-7	1.00000000000000000E0
1.21899999999999990E-7	1.00000000000000000E0
1.22000000000000020E-7	1.00000000000000000E0
1.22100000000000010E-7	1.00000000000000000E0
1.22200000000000000E-7	1.00000000000000000E0
1.22299999999999990E-7	1.00000000000000000E0
1.22400000000000020E-7	1.00000000000000000E0
1.22500000000000010E-7	1.00000000000000000E0
1.22600000000000000E-7	1.00000000000000000E0
1.22700000000000010E-7	1.00000000000000000E0
1.22800000000000000E-7	1.00000000000000000E0
1.22900000000000010E-7	1.00000000000000000E0
1.23000000000000020E-7	1.00000000000000000E0
1.23100000000000010E-7	1.00000000000000000E0
1.23199999999999950E-7	1.00000000000000000E0
1.23299999999999990E-7	1.00000000000000000E0
1.23400000000000040E-7	1.00000000000000000E0
1.23499999999999990E-7	1.00000000000000000E0
1.23599999999999980E-7	1.00000000000000000E0
1.23700000000000010E-7	1.00000000000000000E0
1.23800000000000000E-7	1.00000000000000000E0
1.23900000000000030E-7	1.00000000000000000E0
1.24000000000000000E-7	1.00000000000000000E0
1.24100000000000010E-7	1.00000000000000000E0
1.24200000000000000E-7	1.00000000000000000E0
1.24299999999999970E-7	1.00000000000000000E0
1.24400000000000020E-7	1.00000000000000000E0
1.24500000000000030E-7	1.00000000000000000E0
1.24600000000000020E-7	1.00000000000000000E0
1.24699999999999990E-7	1.00000000000000000E0
1.24800000000000020E-7	1.00000000000000000E0
1.24900000000000030E-7	1.00000000000000000E0
1.25000000000000000E-7	1.00000000000000000E0
1.25099999999999990E-7	1.00000000000000000E0
1.25200000000000000E-7	1.00000000000000000E0
1.25300000000000010E-7	1.00000000000000000E0
1.25400000000000000E-7	1.00000000000000000E0
1.25499999999999990E-7	1.00000000000000000E0
1.25600000000000020E-7	1.00000000000000000E0
1.25699999999999970E-7	1.00000000000000000E0
1.25800000000000020E-7	1.00000000000000000E0
1.25900000000000010E-7	1.00000000000000000E0
1.26000000000000020E-7	1.00000000000000000E0
1.26099999999999990E-7	1.00000000000000000E0
1.26200000000000000E-7	1.00000000000000000E0
1.26299999999999990E-7	1.00000000000000000E0
1.26399999999999980E-7	1.00000000000000000E0
1.26499999999999970E-7	1.00000000000000000E0
1.26600000000000020E-7	1.00000000000000000E0
1.26700000000000010E-7	1.00000000000000000E0
1.26800000000000000E-7	1.00000000000000000E0
1.26900000000000010E-7	1.00000000000000000E0
1.27000000000000000E-7	1.00000000000000000E0
1.27099999999999990E-7	1.00000000000000000E0
1.27200000000000020E-7	1.00000000000000000E0
1.27299999999999990E-7	1.00000000000000000E0
1.27399999999999980E-7	1.00000000000000000E0
1.27499999999999990E-7	1.00000000000000000E0
1.27600000000000020E-7	1.00000000000000000E0
1.27700000000000010E-7	1.00000000000000000E0
1.27799999999999960E-7	1.00000000000000000E0
1.27899999999999990E-7	1.00000000000000000E0
1.28000000000000000E-7	1.00000000000000000E0
1.28100000000000010E-7	1.00000000000000000E0
1.28200000000000000E-7	1.00000000000000000E0
1.28300000000000040E-7	1.00000000000000000E0
1.28400000000000030E-7	1.00000000000000000E0
1.28500000000000010E-7	1.00000000000000000E0
1.28600000000000000E-7	1.00000000000000000E0
1.28700000000000010E-7	1.00000000000000000E0
1.28800000000000000E-7	1.00000000000000000E0
1.28899999999999990E-7	1.00000000000000000E0
1.28999999999999980E-7	1.00000000000000000E0
1.29100000000000010E-7	1.00000000000000000E0
1.29199999999999980E-7	1.00000000000000000E0
1.29299999999999990E-7	1.00000000000000000E0
1.29400000000000000E-7	1.00000000000000000E0
1.29499999999999990E-7	1.00000000000000000E0
1.29600000000000030E-7	1.00000000000000000E0
1.29699999999999970E-7	1.00000000000000000E0
1.29800000000000030E-7	1.00000000000000000E0
1.29899999999999990E-7	1.00000000000000000E0
1.30000000000000000E-7	1.00000000000000000E0
1.30099999999999990E-7	1.00000000000000000E0
1.30200000000000000E-7	1.00000000000000000E0
1.30299999999999990E-7	1.00000000000000000E0
1.30399999999999980E-7	1.00000000000000000E0
1.30500000000000040E-7	1.00000000000000000E0
1.30600000000000000E-7	1.00000000000000000E0
1.30699999999999990E-7	1.00000000000000000E0
1.30800000000000030E-7	1.00000000000000000E0
1.30900000000000020E-7	1.00000000000000000E0
1.31000000000000010E-7	1.00000000000000000E0
1.31099999999999990E-7	1.00000000000000000E0
1.31200000000000030E-7	1.00000000000000000E0
1.31299999999999990E-7	1.00000000000000000E0
1.31400000000000010E-7	1.00000000000000000E0
1.31499999999999990E-7	1.00000000000000000E0
1.31600000000000030E-7	1.00000000000000000E0
1.31699999999999970E-7	1.00000000000000000E0
1.31800000000000010E-7	1.00000000000000000E0
1.31900000000000020E-7	1.00000000000000000E0
1.32000000000000010E-7	1.00000000000000000E0
1.32100000000000000E-7	1.00000000000000000E0
1.32200000000000050E-7	1.00000000000000000E0
1.32300000000000040E-7	1.00000000000000000E0
1.32399999999999980E-7	1.00000000000000000E0
1.32500000000000020E-7	1.00000000000000000E0
1.32600000000000050E-7	1.00000000000000000E0
1.32700000000000020E-7	1.00000000000000000E0
1.32800000000000010E-7	1.00000000000000000E0
1.32900000000000020E-7	1.00000000000000000E0
1.33000000000000010E-7	1.00000000000000000E0
1.33099999999999970E-7	1.00000000000000000E0
1.33200000000000010E-7	1.00000000000000000E0
1.33300000000000060E-7	1.00000000000000000E0
1.33400000000000010E-7	1.00000000000000000E0
1.33499999999999970E-7	1.00000000000000000E0
1.33599999999999990E-7	1.00000000000000000E0
1.33699999999999970E-7	1.00000000000000000E0
1.33800000000000010E-7	1.00000000000000000E0
1.33900000000000000E-7	1.00000000000000000E0
1.34000000000000010E-7	1.00000000000000000E0
1.34100000000000020E-7	1.00000000000000000E0
1.34200000000000010E-7	1.00000000000000000E0
1.34300000000000000E-7	1.00000000000000000E0
1.34400000000000030E-7	1.00000000000000000E0
1.34499999999999980E-7	1.00000000000000000E0
1.34600000000000010E-7	1.00000000000000000E0
1.34700000000000000E-7	1.00000000000000000E0
1.34800000000000010E-7	1.00000000000000000E0
1.34900000000000000E-7	1.00000000000000000E0
1.35000000000000010E-7	1.00000000000000000E0
1.35100000000000000E-7	1.00000000000000000E0
1.35199999999999990E-7	1.00000000000000000E0
1.35300000000000000E-7	1.00000000000000000E0
1.35400000000000010E-7	1.00000000000000000E0
1.35500000000000000E-7	1.00000000000000000E0
1.35600000000000030E-7	1.00000000000000000E0
1.35699999999999980E-7	1.00000000000000000E0
1.35800000000000030E-7	1.00000000000000000E0
1.35900000000000000E-7	1.00000000000000000E0
1.36000000000000030E-7	1.00000000000000000E0
1.36100000000000020E-7	1.00000000000000000E0
1.36199999999999990E-7	1.00000000000000000E0
1.36300000000000000E-7	1.00000000000000000E0
1.36400000000000030E-7	1.00000000000000000E0
1.36500000000000020E-7	1.00000000000000000E0
1.36600000000000010E-7	1.00000000000000000E0
1.36700000000000000E-7	1.00000000000000000E0
1.36800000000000030E-7	1.00000000000000000E0
1.36900000000000020E-7	1.00000000000000000E0
1.37000000000000010E-7	1.00000000000000000E0
1.37100000000000000E-7	1.00000000000000000E0
1.37199999999999990E-7	1.00000000000000000E0
1.37299999999999960E-7	1.00000000000000000E0
1.37399999999999990E-7	1.00000000000000000E0
1.37499999999999980E-7	1.00000000000000000E0
1.37599999999999990E-7	1.00000000000000000E0
1.37699999999999980E-7	1.00000000000000000E0
1.37799999999999970E-7	1.00000000000000000E0
1.37900000000000000E-7	1.00000000000000000E0
1.38000000000000010E-7	1.00000000000000000E0
1.38100000000000000E-7	1.00000000000000000E0
1.38199999999999990E-7	1.00000000000000000E0
1.38300000000000050E-7	1.00000000000000000E0
1.38399999999999990E-7	1.00000000000000000E0
1.38499999999999980E-7	1.00000000000000000E0
1.38600000000000010E-7	1.00000000000000000E0
1.38700000000000050E-7	1.00000000000000000E0
1.38800000000000010E-7	1.00000000000000000E0
1.38900000000000000E-7	1.00000000000000000E0
1.39000000000000010E-7	1.00000000000000000E0
1.39100000000000000E-7	1.00000000000000000E0
1.39199999999999990E-7	1.00000000000000000E0
1.39300000000000000E-7	1.00000000000000000E0
1.39400000000000010E-7	1.00000000000000000E0
1.39500000000000000E-7	1.00000000000000000E0
1.39599999999999990E-7	1.00000000000000000E0
1.39699999999999980E-7	1.00000000000000000E0
1.39800000000000010E-7	1.00000000000000000E0
1.39900000000000000E-7	1.00000000000000000E0
1.40000000000000010E-7	1.00000000000000000E0
1.40100000000000020E-7	1.00000000000000000E0
1.40200000000000010E-7	1.00000000000000000E0
1.40299999999999980E-7	1.00000000000000000E0
1.40399999999999990E-7	1.00000000000000000E0
1.40500000000000020E-7	1.00000000000000000E0
1.40600000000000010E-7	1.00000000000000000E0
1.40700000000000030E-7	1.00000000000000000E0
1.40799999999999990E-7	1.00000000000000000E0
1.40899999999999980E-7	1.00000000000000000E0
1.41000000000000010E-7	1.00000000000000000E0
1.41100000000000000E-7	1.00000000000000000E0
1.41199999999999990E-7	1.00000000000000000E0
1.41300000000000000E-7	1.00000000000000000E0
1.41400000000000010E-7	1.00000000000000000E0
1.41500000000000000E-7	1.00000000000000000E0
1.41599999999999990E-7	1.00000000000000000E0
1.41700000000000030E-7	1.00000000000000000E0
1.41800000000000040E-7	1.00000000000000000E0
1.41899999999999960E-7	1.00000000000000000E0
1.41999999999999950E-7	1.00000000000000000E0
1.42100000000000030E-7	1.00000000000000000E0
1.42199999999999990E-7	1.00000000000000000E0
1.42299999999999980E-7	1.00000000000000000E0
1.42399999999999990E-7	1.00000000000000000E0
1.42500000000000030E-7	1.00000000000000000E0
1.42600000000000020E-7	1.00000000000000000E0
1.42700000000000000E-7	1.00000000000000000E0
1.42800000000000040E-7	1.00000000000000000E0
1.42900000000000030E-7	1.00000000000000000E0
1.42999999999999990E-7	1.00000000000000000E0
1.43100000000000000E-7	1.00000000000000000E0
1.43200000000000020E-7	1.00000000000000000E0
1.43299999999999980E-7	1.00000000000000000E0
1.43399999999999970E-7	1.00000000000000000E0
1.43499999999999980E-7	1.00000000000000000E0
1.43599999999999990E-7	1.00000000000000000E0
1.43699999999999980E-7	1.00000000000000000E0
1.43800000000000020E-7	1.00000000000000000E0
1.43900000000000010E-7	1.00000000000000000E0
1.44000000000000020E-7	1.00000000000000000E0
1.44100000000000010E-7	1.00000000000000000E0
1.44200000000000020E-7	1.00000000000000000E0
1.44300000000000010E-7	1.00000000000000000E0
1.44400000000000040E-7	1.00000000000000000E0
1.44500000000000030E-7	1.00000000000000000E0
1.44600000000000040E-7	1.00000000000000000E0
1.44700000000000010E-7	1.00000000000000000E0
1.44800000000000000E-7	1.00000000000000000E0
1.44900000000000010E-7	1.00000000000000000E0
1.45000000000000000E-7	1.00000000000000000E0
1.45100000000000010E-7	1.00000000000000000E0
1.45200000000000020E-7	1.00000000000000000E0
1.45300000000000010E-7	1.00000000000000000E0
1.45400000000000000E-7	1.00000000000000000E0
1.45500000000000010E-7	1.00000000000000000E0
1.45600000000000040E-7	1.00000000000000000E0
1.45700000000000030E-7	1.00000000000000000E0
1.45799999999999970E-7	1.00000000000000000E0
1.45900000000000010E-7	1.00000000000000000E0
1.46000000000000000E-7	1.00000000000000000E0
1.46100000000000010E-7	1.00000000000000000E0
1.46199999999999970E-7	1.00000000000000000E0
1.46300000000000010E-7	1.00000000000000000E0
1.46400000000000000E-7	1.00000000000000000E0
1.46500000000000030E-7	1.00000000000000000E0
1.46600000000000020E-7	1.00000000000000000E0
1.46700000000000010E-7	1.00000000000000000E0
1.46800000000000020E-7	1.00000000000000000E0
1.46899999999999990E-7	1.00000000000000000E0
1.47000000000000020E-7	1.00000000000000000E0
1.47100000000000030E-7	1.00000000000000000E0
1.47200000000000000E-7	1.00000000000000000E0
1.47299999999999990E-7	1.00000000000000000E0
1.47400000000000000E-7	1.00000000000000000E0
1.47500000000000050E-7	1.00000000000000000E0
1.47599999999999980E-7	1.00000000000000000E0
1.47699999999999990E-7	1.00000000000000000E0
1.47800000000000020E-7	1.00000000000000000E0
1.47899999999999960E-7	1.00000000000000000E0
1.48000000000000020E-7	1.00000000000000000E0
1.48099999999999990E-7	1.00000000000000000E0
1.48200000000000020E-7	1.00000000000000000E0
1.48299999999999990E-7	1.00000000000000000E0
1.48400000000000000E-7	1.00000000000000000E0
1.48500000000000030E-7	1.00000000000000000E0
1.48599999999999980E-7	1.00000000000000000E0
1.48699999999999970E-7	1.00000000000000000E0
1.48800000000000000E-7	1.00000000000000000E0
1.48900000000000010E-7	1.00000000000000000E0
1.49000000000000000E-7	1.00000000000000000E0
1.49100000000000010E-7	1.00000000000000000E0
1.49200000000000020E-7	1.00000000000000000E0
1.49299999999999990E-7	1.00000000000000000E0
1.49400000000000020E-7	1.00000000000000000E0
1.49499999999999990E-7	1.00000000000000000E0
1.49600000000000040E-7	1.00000000000000000E0
1.49699999999999990E-7	1.00000000000000000E0
1.49800000000000020E-7	1.00000000000000000E0
1.49900000000000010E-7	1.00000000000000000E0
1.50000000000000000E-7	1.00000000000000000E0
1.50100000000000010E-7	1.00000000000000000E0
1.50200000000000020E-7	1.00000000000000000E0
1.50300000000000010E-7	1.00000000000000000E0
1.50399999999999980E-7	1.00000000000000000E0
1.50500000000000030E-7	1.00000000000000000E0
1.50600000000000040E-7	1.00000000000000000E0
1.50700000000000010E-7	1.00000000000000000E0
1.50800000000000000E-7	1.00000000000000000E0
1.50900000000000010E-7	1.00000000000000000E0
1.51000000000000000E-7	1.00000000000000000E0
1.51099999999999990E-7	1.00000000000000000E0
1.51200000000000000E-7	1.00000000000000000E0
1.51300000000000010E-7	1.00000000000000000E0
1.51399999999999980E-7	1.00000000000000000E0
1.51499999999999990E-7	1.00000000000000000E0
1.51600000000000000E-7	1.00000000000000000E0
1.51699999999999990E-7	1.00000000000000000E0
1.51799999999999980E-7	1.00000000000000000E0
1.51899999999999970E-7	1.00000000000000000E0
1.52000000000000020E-7	1.00000000000000000E0
1.52100000000000010E-7	1.00000000000000000E0
1.52200000000000000E-7	1.00000000000000000E0
1.52299999999999990E-7	1.00000000000000000E0
1.52400000000000000E-7	1.00000000000000000E0
1.52499999999999990E-7	1.00000000000000000E0
1.52599999999999980E-7	1.00000000000000000E0
1.52700000000000040E-7	1.00000000000000000E0
1.52800000000000020E-7	1.00000000000000000E0
1.52900000000000010E-7	1.00000000000000000E0
1.53000000000000020E-7	1.00000000000000000E0
1.53100000000000010E-7	1.00000000000000000E0
1.53200000000000000E-7	1.00000000000000000E0
1.53299999999999990E-7	1.00000000000000000E0
1.53399999999999980E-7	1.00000000000000000E0
1.53499999999999990E-7	1.00000000000000000E0
1.53600000000000000E-7	1.00000000000000000E0
1.53699999999999990E-7	1.00000000000000000E0
1.53800000000000030E-7	1.00000000000000000E0
1.53900000000000010E-7	1.00000000000000000E0
1.54000000000000000E-7	1.00000000000000000E0
1.54100000000000040E-7	1.00000000000000000E0
1.54200000000000000E-7	1.00000000000000000E0
1.54300000000000010E-7	1.00000000000000000E0
1.54400000000000050E-7	1.00000000000000000E0
1.54499999999999970E-7	1.00000000000000000E0
1.54599999999999960E-7	1.00000000000000000E0
1.54700000000000020E-7	1.00000000000000000E0
1.54800000000000050E-7	1.00000000000000000E0
1.54900000000000020E-7	1.00000000000000000E0
1.55000000000000000E-7	1.00000000000000000E0
1.55099999999999990E-7	1.00000000000000000E0
1.55200000000000000E-7	1.00000000000000000E0
1.55299999999999970E-7	1.00000000000000000E0
1.55400000000000000E-7	1.00000000000000000E0
1.55500000000000020E-7	1.00000000000000000E0
1.55600000000000050E-7	1.00000000000000000E0
1.55700000000000040E-7	1.00000000000000000E0
1.55800000000000050E-7	1.00000000000000000E0
1.55900000000000040E-7	1.00000000000000000E0
1.56000000000000010E-7	1.00000000000000000E0
1.56099999999999990E-7	1.00000000000000000E0
1.56200000000000010E-7	1.00000000000000000E0
1.56300000000000020E-7	1.00000000000000000E0
1.56400000000000010E-7	1.00000000000000000E0
1.56499999999999990E-7	1.00000000000000000E0
1.56600000000000030E-7	1.00000000000000000E0
1.56700000000000040E-7	1.00000000000000000E0
1.56800000000000010E-7	1.00000000000000000E0
1.56900000000000040E-7	1.00000000000000000E0
1.57000000000000030E-7	1.00000000000000000E0
1.57100000000000000E-7	1.00000000000000000E0
1.57199999999999980E-7	1.00000000000000000E0
1.57300000000000000E-7	1.00000000000000000E0
1.57399999999999980E-7	1.00000000000000000E0
1.57500000000000000E-7	1.00000000000000000E0
1.57600000000000010E-7	1.00000000000000000E0
1.57700000000000000E-7	1.00000000000000000E0
1.57800000000000030E-7	1.00000000000000000E0
1.57899999999999970E-7	1.00000000000000000E0
1.58000000000000030E-7	1.00000000000000000E0
1.58099999999999950E-7	1.00000000000000000E0
1.58200000000000010E-7	1.00000000000000000E0
1.58300000000000060E-7	1.00000000000000000E0
1.58399999999999990E-7	1.00000000000000000E0
1.58500000000000000E-7	1.00000000000000000E0
1.58600000000000030E-7	1.00000000000000000E0
1.58700000000000020E-7	1.00000000000000000E0
1.58799999999999940E-7	1.00000000000000000E0
1.58900000000000000E-7	1.00000000000000000E0
1.59000000000000030E-7	1.00000000000000000E0
1.59100000000000020E-7	1.00000000000000000E0
1.59200000000000010E-7	1.00000000000000000E0
1.59300000000000020E-7	1.00000000000000000E0
1.59399999999999990E-7	1.00000000000000000E0
1.59500000000000020E-7	1.00000000000000000E0
1.59599999999999990E-7	1.00000000000000000E0
1.59700000000000000E-7	1.00000000000000000E0
1.59800000000000050E-7	1.00000000000000000E0
1.59899999999999980E-7	1.00000000000000000E0
1.60000000000000010E-7	1.00000000000000000E0
1.60100000000000020E-7	1.00000000000000000E0
1.60200000000000010E-7	1.00000000000000000E0
1.60300000000000000E-7	1.00000000000000000E0
1.60399999999999990E-7	1.00000000000000000E0
1.60500000000000040E-7	1.00000000000000000E0
1.60600000000000030E-7	1.00000000000000000E0
1.60700000000000020E-7	1.00000000000000000E0
1.60800000000000010E-7	1.00000000000000000E0
1.60900000000000040E-7	1.00000000000000000E0
1.61000000000000010E-7	1.00000000000000000E0
1.61100000000000000E-7	1.00000000000000000E0
1.61200000000000010E-7	1.00000000000000000E0
1.61300000000000000E-7	1.00000000000000000E0
1.61400000000000010E-7	1.00000000000000000E0
1.61500000000000000E-7	1.00000000000000000E0
1.61600000000000010E-7	1.00000000000000000E0
1.61700000000000000E-7	1.00000000000000000E0
1.61799999999999990E-7	1.00000000000000000E0
1.61899999999999960E-7	1.00000000000000000E0
1.62000000000000030E-7	1.00000000000000000E0
1.62100000000000000E-7	1.00000000000000000E0
1.62200000000000010E-7	1.00000000000000000E0
1.62300000000000000E-7	1.00000000000000000E0
1.62400000000000010E-7	1.00000000000000000E0
1.62500000000000000E-7	1.00000000000000000E0
1.62600000000000030E-7	1.00000000000000000E0
1.62700000000000020E-7	1.00000000000000000E0
1.62800000000000030E-7	1.00000000000000000E0
1.62900000000000000E-7	1.00000000000000000E0
1.62999999999999990E-7	1.00000000000000000E0
1.63099999999999980E-7	1.00000000000000000E0
1.63200000000000010E-7	1.00000000000000000E0
1.63300000000000000E-7	1.00000000000000000E0
1.63399999999999970E-7	1.00000000000000000E0
1.63500000000000020E-7	1.00000000000000000E0
1.63599999999999990E-7	1.00000000000000000E0
1.63700000000000000E-7	1.00000000000000000E0
1.63799999999999990E-7	1.00000000000000000E0
1.63900000000000020E-7	1.00000000000000000E0
1.64000000000000030E-7	1.00000000000000000E0
1.64100000000000020E-7	1.00000000000000000E0
1.64200000000000030E-7	1.00000000000000000E0
1.64300000000000020E-7	1.00000000000000000E0
1.64399999999999990E-7	1.00000000000000000E0
1.64499999999999980E-7	1.00000000000000000E0
1.64600000000000040E-7	1.00000000000000000E0
1.64699999999999980E-7	1.00000000000000000E0
1.64799999999999970E-7	1.00000000000000000E0
1.64900000000000000E-7	1.00000000000000000E0
1.65000000000000010E-7	1.00000000000000000E0
1.65100000000000020E-7	1.00000000000000000E0
1.65200000000000010E-7	1.00000000000000000E0
1.65300000000000000E-7	1.00000000000000000E0
1.65399999999999990E-7	1.00000000000000000E0
1.65499999999999980E-7	1.00000000000000000E0
1.65599999999999950E-7	1.00000000000000000E0
1.65699999999999980E-7	1.00000000000000000E0
1.65799999999999990E-7	1.00000000000000000E0
1.65899999999999980E-7	1.00000000000000000E0
1.66000000000000010E-7	1.00000000000000000E0
1.66100000000000000E-7	1.00000000000000000E0
1.66199999999999990E-7	1.00000000000000000E0
1.66300000000000070E-7	1.00000000000000000E0
1.66400000000000010E-7	1.00000000000000000E0
1.66500000000000000E-7	1.00000000000000000E0
1.66600000000000040E-7	1.00000000000000000E0
1.66700000000000030E-7	1.00000000000000000E0
1.66800000000000040E-7	1.00000000000000000E0
1.66900000000000000E-7	1.00000000000000000E0
1.66999999999999990E-7	1.00000000000000000E0
1.67100000000000000E-7	1.00000000000000000E0
1.67200000000000020E-7	1.00000000000000000E0
1.67299999999999980E-7	1.00000000000000000E0
1.67400000000000020E-7	1.00000000000000000E0
1.67500000000000000E-7	1.00000000000000000E0
1.67599999999999990E-7	1.00000000000000000E0
1.67700000000000000E-7	1.00000000000000000E0
1.67800000000000040E-7	1.00000000000000000E0
1.67900000000000030E-7	1.00000000000000000E0
1.68000000000000040E-7	1.00000000000000000E0
1.68099999999999960E-7	1.00000000000000000E0
1.68200000000000020E-7	1.00000000000000000E0
1.68300000000000010E-7	1.00000000000000000E0
1.68399999999999970E-7	1.00000000000000000E0
1.68500000000000010E-7	1.00000000000000000E0
1.68599999999999990E-7	1.00000000000000000E0
1.68699999999999960E-7	1.00000000000000000E0
1.68800000000000020E-7	1.00000000000000000E0
1.68900000000000010E-7	1.00000000000000000E0
1.69000000000000020E-7	1.00000000000000000E0
1.69099999999999980E-7	1.00000000000000000E0
1.69199999999999970E-7	1.00000000000000000E0
1.69300000000000030E-7	1.00000000000000000E0
1.69400000000000000E-7	1.00000000000000000E0
1.69500000000000030E-7	1.00000000000000000E0
1.69600000000000000E-7	1.00000000000000000E0
1.69700000000000010E-7	1.00000000000000000E0
1.69800000000000000E-7	1.00000000000000000E0
1.69899999999999980E-7	1.00000000000000000E0
1.70000000000000040E-7	1.00000000000000000E0
1.70099999999999960E-7	1.00000000000000000E0
1.70200000000000020E-7	1.00000000000000000E0
1.70300000000000010E-7	1.00000000000000000E0
1.70400000000000000E-7	1.00000000000000000E0
1.70500000000000050E-7	1.00000000000000000E0
1.70599999999999970E-7	1.00000000000000000E0
1.70699999999999990E-7	1.00000000000000000E0
1.70799999999999970E-7	1.00000000000000000E0
1.70900000000000010E-7	1.00000000000000000E0
1.71000000000000040E-7	1.00000000000000000E0
1.71100000000000030E-7	1.00000000000000000E0
1.71200000000000000E-7	1.00000000000000000E0
1.71300000000000010E-7	1.00000000000000000E0
1.71400000000000020E-7	1.00000000000000000E0
1.71499999999999990E-7	1.00000000000000000E0
1.71600000000000020E-7	1.00000000000000000E0
1.71700000000000010E-7	1.00000000000000000E0
1.71800000000000000E-7	1.00000000000000000E0
1.71899999999999990E-7	1.00000000000000000E0
1.71999999999999980E-7	1.00000000000000000E0
1.72100000000000010E-7	1.00000000000000000E0
1.72200000000000000E-7	1.00000000000000000E0
1.72299999999999990E-7	1.00000000000000000E0
1.72400000000000020E-7	1.00000000000000000E0
1.72500000000000010E-7	1.00000000000000000E0
1.72600000000000000E-7	1.00000000000000000E0
1.72700000000000030E-7	1.00000000000000000E0
1.72800000000000040E-7	1.00000000000000000E0
1.72899999999999960E-7	1.00000000000000000E0
1.73000000000000000E-7	1.00000000000000000E0
1.73100000000000030E-7	1.00000000000000000E0
1.73200000000000020E-7	1.00000000000000000E0
1.73299999999999990E-7	1.00000000000000000E0
1.73399999999999980E-7	1.00000000000000000E0
1.73500000000000010E-7	1.00000000000000000E0
1.73600000000000090E-7	1.00000000000000000E0
1.73700000000000010E-7	1.00000000000000000E0
1.73800000000000000E-7	1.00000000000000000E0
1.73900000000000030E-7	1.00000000000000000E0
1.73999999999999980E-7	1.00000000000000000E0
1.74099999999999970E-7	1.00000000000000000E0
1.74200000000000020E-7	1.00000000000000000E0
1.74300000000000010E-7	1.00000000000000000E0
1.74399999999999980E-7	1.00000000000000000E0
1.74499999999999990E-7	1.00000000000000000E0
1.74600000000000040E-7	1.00000000000000000E0
1.74700000000000030E-7	1.00000000000000000E0
1.74800000000000020E-7	1.00000000000000000E0
1.74900000000000010E-7	1.00000000000000000E0
1.75000000000000020E-7	1.00000000000000000E0
1.75099999999999990E-7	1.00000000000000000E0
1.75200000000000040E-7	1.00000000000000000E0
1.75300000000000030E-7	1.00000000000000000E0
1.75400000000000000E-7	1.00000000000000000E0
1.75499999999999990E-7	1.00000000000000000E0
1.75600000000000020E-7	1.00000000000000000E0
1.75700000000000010E-7	1.00000000000000000E0
1.75799999999999980E-7	1.00000000000000000E0
1.75899999999999970E-7	1.00000000000000000E0
1.75999999999999980E-7	1.00000000000000000E0
1.76100000000000010E-7	1.00000000000000000E0
1.76200000000000000E-7	1.00000000000000000E0
1.76300000000000030E-7	1.00000000000000000E0
1.76400000000000000E-7	1.00000000000000000E0
1.76499999999999990E-7	1.00000000000000000E0
1.76600000000000050E-7	1.00000000000000000E0
1.76700000000000030E-7	1.00000000000000000E0
1.76800000000000020E-7	1.00000000000000000E0
1.76900000000000010E-7	1.00000000000000000E0
1.77000000000000000E-7	1.00000000000000000E0
1.77100000000000040E-7	1.00000000000000000E0
1.77200000000000000E-7	1.00000000000000000E0
1.77300000000000010E-7	1.00000000000000000E0
1.77400000000000000E-7	1.00000000000000000E0
1.77499999999999950E-7	1.00000000000000000E0
1.77599999999999980E-7	1.00000000000000000E0
1.77700000000000010E-7	1.00000000000000000E0
1.77800000000000050E-7	1.00000000000000000E0
1.77899999999999990E-7	1.00000000000000000E0
1.77999999999999980E-7	1.00000000000000000E0
1.78099999999999970E-7	1.00000000000000000E0
1.78200000000000030E-7	1.00000000000000000E0
1.78299999999999990E-7	1.00000000000000000E0
1.78400000000000000E-7	1.00000000000000000E0
1.78500000000000060E-7	1.00000000000000000E0
1.78599999999999980E-7	1.00000000000000000E0
1.78699999999999990E-7	1.00000000000000000E0
1.78800000000000030E-7	1.00000000000000000E0
1.78900000000000040E-7	1.00000000000000000E0
1.79000000000000030E-7	1.00000000000000000E0
1.79099999999999990E-7	1.00000000000000000E0
1.79200000000000030E-7	1.00000000000000000E0
1.79299999999999990E-7	1.00000000000000000E0
1.79400000000000000E-7	1.00000000000000000E0
1.79499999999999990E-7	1.00000000000000000E0
1.79599999999999980E-7	1.00000000000000000E0
1.79699999999999970E-7	1.00000000000000000E0
1.79800000000000000E-7	1.00000000000000000E0
1.79900000000000040E-7	1.00000000000000000E0
1.80000000000000030E-7	1.00000000000000000E0
1.80099999999999970E-7	1.00000000000000000E0
1.80199999999999960E-7	1.00000000000000000E0
1.80300000000000020E-7	1.00000000000000000E0
1.80400000000000000E-7	1.00000000000000000E0
1.80500000000000060E-7	1.00000000000000000E0
1.80599999999999980E-7	1.00000000000000000E0
1.80699999999999990E-7	1.00000000000000000E0
1.80800000000000030E-7	1.00000000000000000E0
1.80900000000000020E-7	1.00000000000000000E0
1.81000000000000050E-7	1.00000000000000000E0
1.81100000000000020E-7	1.00000000000000000E0
1.81200000000000030E-7	1.00000000000000000E0
1.81300000000000040E-7	1.00000000000000000E0
1.81400000000000010E-7	1.00000000000000000E0
1.81500000000000020E-7	1.00000000000000000E0
1.81600000000000030E-7	1.00000000000000000E0
1.81699999999999970E-7	1.00000000000000000E0
1.81799999999999980E-7	1.00000000000000000E0
1.81900000000000000E-7	1.00000000000000000E0
1.82000000000000050E-7	1.00000000000000000E0
1.82100000000000020E-7	1.00000000000000000E0
1.82200000000000010E-7	1.00000000000000000E0
1.82300000000000000E-7	1.00000000000000000E0
1.82400000000000010E-7	1.00000000000000000E0
1.82500000000000000E-7	1.00000000000000000E0
1.82599999999999980E-7	1.00000000000000000E0
1.82700000000000040E-7	1.00000000000000000E0
1.82799999999999960E-7	1.00000000000000000E0
1.82900000000000020E-7	1.00000000000000000E0
1.83000000000000010E-7	1.00000000000000000E0
1.83100000000000040E-7	1.00000000000000000E0
1.83200000000000010E-7	1.00000000000000000E0
1.83300000000000000E-7	1.00000000000000000E0
1.83400000000000010E-7	1.00000000000000000E0
1.83500000000000000E-7	1.00000000000000000E0
1.83600000000000010E-7	1.00000000000000000E0
1.83700000000000000E-7	1.00000000000000000E0
1.83800000000000010E-7	1.00000000000000000E0
1.83900000000000040E-7	1.00000000000000000E0
1.83999999999999990E-7	1.00000000000000000E0
1.84100000000000040E-7	1.00000000000000000E0
1.84200000000000030E-7	1.00000000000000000E0
1.84300000000000000E-7	1.00000000000000000E0
1.84399999999999990E-7	1.00000000000000000E0
1.84500000000000000E-7	1.00000000000000000E0
1.84600000000000010E-7	1.00000000000000000E0
1.84700000000000000E-7	1.00000000000000000E0
1.84800000000000030E-7	1.00000000000000000E0
1.84900000000000020E-7	1.00000000000000000E0
1.85000000000000030E-7	1.00000000000000000E0
1.85100000000000000E-7	1.00000000000000000E0
1.85200000000000030E-7	1.00000000000000000E0
1.85300000000000020E-7	1.00000000000000000E0
1.85399999999999990E-7	1.00000000000000000E0
1.85500000000000000E-7	1.00000000000000000E0
1.85599999999999970E-7	1.00000000000000000E0
1.85700000000000020E-7	1.00000000000000000E0
1.85800000000000010E-7	1.00000000000000000E0
1.85899999999999980E-7	1.00000000000000000E0
1.85999999999999990E-7	1.00000000000000000E0
1.86100000000000020E-7	1.00000000000000000E0
1.86200000000000030E-7	1.00000000000000000E0
1.86300000000000020E-7	1.00000000000000000E0
1.86400000000000010E-7	1.00000000000000000E0
1.86500000000000020E-7	1.00000000000000000E0
1.86599999999999990E-7	1.00000000000000000E0
1.86700000000000040E-7	1.00000000000000000E0
1.86800000000000030E-7	1.00000000000000000E0
1.86900000000000020E-7	1.00000000000000000E0
1.86999999999999970E-7	1.00000000000000000E0
1.87100000000000000E-7	1.00000000000000000E0
1.87200000000000010E-7	1.00000000000000000E0
1.87300000000000020E-7	1.00000000000000000E0
1.87400000000000010E-7	1.00000000000000000E0
1.87500000000000000E-7	1.00000000000000000E0
1.87599999999999990E-7	1.00000000000000000E0
1.87700000000000020E-7	1.00000000000000000E0
1.87800000000000010E-7	1.00000000000000000E0
1.87900000000000000E-7	1.00000000000000000E0
1.87999999999999990E-7	1.00000000000000000E0
1.88099999999999960E-7	1.00000000000000000E0
1.88200000000000010E-7	1.00000000000000000E0
1.88300000000000000E-7	1.00000000000000000E0
1.88400000000000010E-7	1.00000000000000000E0
1.88500000000000000E-7	1.00000000000000000E0
1.88599999999999920E-7	1.00000000000000000E0
1.88700000000000000E-7	1.00000000000000000E0
1.88800000000000030E-7	1.00000000000000000E0
1.88900000000000020E-7	1.00000000000000000E0
1.89000000000000010E-7	1.00000000000000000E0
1.89100000000000000E-7	1.00000000000000000E0
1.89200000000000030E-7	1.00000000000000000E0
1.89300000000000000E-7	1.00000000000000000E0
1.89400000000000010E-7	1.00000000000000000E0
1.89500000000000000E-7	1.00000000000000000E0
1.89600000000000010E-7	1.00000000000000000E0
1.89700000000000000E-7	1.00000000000000000E0
1.89800000000000080E-7	1.00000000000000000E0
1.89900000000000000E-7	1.00000000000000000E0
1.90000000000000040E-7	1.00000000000000000E0
1.90100000000000020E-7	1.00000000000000000E0
1.90200000000000040E-7	1.00000000000000000E0
1.90299999999999960E-7	1.00000000000000000E0
1.90400000000000010E-7	1.00000000000000000E0
1.90500000000000000E-7	1.00000000000000000E0
1.90599999999999990E-7	1.00000000000000000E0
1.90700000000000050E-7	1.00000000000000000E0
1.90799999999999990E-7	1.00000000000000000E0
1.90899999999999960E-7	1.00000000000000000E0
1.91000000000000010E-7	1.00000000000000000E0
1.91100000000000000E-7	1.00000000000000000E0
1.91199999999999990E-7	1.00000000000000000E0
1.91300000000000030E-7	1.00000000000000000E0
1.91400000000000040E-7	1.00000000000000000E0
1.91500000000000030E-7	1.00000000000000000E0
1.91599999999999990E-7	1.00000000000000000E0
1.91699999999999980E-7	1.00000000000000000E0
1.91800000000000010E-7	1.00000000000000000E0
1.91900000000000000E-7	1.00000000000000000E0
1.91999999999999990E-7	1.00000000000000000E0
1.92099999999999980E-7	1.00000000000000000E0
1.92199999999999970E-7	1.00000000000000000E0
1.92300000000000030E-7	1.00000000000000000E0
1.92400000000000020E-7	1.00000000000000000E0
1.92500000000000000E-7	1.00000000000000000E0
1.92600000000000020E-7	1.00000000000000000E0
1.92699999999999980E-7	1.00000000000000000E0
1.92799999999999950E-7	1.00000000000000000E0
1.92899999999999980E-7	1.00000000000000000E0
1.93000000000000060E-7	1.00000000000000000E0
1.93099999999999960E-7	1.00000000000000000E0
1.93200000000000040E-7	1.00000000000000000E0
1.93300000000000010E-7	1.00000000000000000E0
1.93400000000000020E-7	1.00000000000000000E0
1.93500000000000050E-7	1.00000000000000000E0
1.93600000000000020E-7	1.00000000000000000E0
1.93699999999999980E-7	1.00000000000000000E0
1.93800000000000020E-7	1.00000000000000000E0
1.93900000000000010E-7	1.00000000000000000E0
1.93999999999999990E-7	1.00000000000000000E0
1.94100000000000050E-7	1.00000000000000000E0
1.94199999999999970E-7	1.00000000000000000E0
1.94300000000000010E-7	1.00000000000000000E0
1.94400000000000080E-7	1.00000000000000000E0
1.94499999999999980E-7	1.00000000000000000E0
1.94600000000000020E-7	1.00000000000000000E0
1.94700000000000010E-7	1.00000000000000000E0
1.94799999999999970E-7	1.00000000000000000E0
1.94899999999999960E-7	1.00000000000000000E0
1.95000000000000020E-7	1.00000000000000000E0
1.95100000000000030E-7	1.00000000000000000E0
1.95200000000000040E-7	1.00000000000000000E0
1.95300000000000030E-7	1.00000000000000000E0
1.95400000000000040E-7	1.00000000000000000E0
1.95500000000000010E-7	1.00000000000000000E0
1.95599999999999970E-7	1.00000000000000000E0
1.95700000000000010E-7	1.00000000000000000E0
1.95800000000000000E-7	1.00000000000000000E0
1.95899999999999960E-7	1.00000000000000000E0
1.96000000000000000E-7	1.00000000000000000E0
1.96100000000000050E-7	1.00000000000000000E0
1.96200000000000020E-7	1.00000000000000000E0
1.96299999999999960E-7	1.00000000000000000E0
1.96400000000000020E-7	1.00000000000000000E0
1.96500000000000010E-7	1.00000000000000000E0
1.96599999999999970E-7	1.00000000000000000E0
1.96699999999999990E-7	1.00000000000000000E0
1.96800000000000040E-7	1.00000000000000000E0
1.96900000000000030E-7	1.00000000000000000E0
1.97000000000000020E-7	1.00000000000000000E0
1.97100000000000030E-7	1.00000000000000000E0
1.97200000000000090E-7	1.00000000000000000E0
1.97299999999999990E-7	1.00000000000000000E0
1.97400000000000020E-7	1.00000000000000000E0
1.97500000000000030E-7	1.00000000000000000E0
1.97600000000000000E-7	1.00000000000000000E0
1.97699999999999960E-7	1.00000000000000000E0
1.97800000000000020E-7	1.00000000000000000E0
1.97899999999999990E-7	1.00000000000000000E0
1.97999999999999980E-7	1.00000000000000000E0
1.98099999999999990E-7	1.00000000000000000E0
1.98200000000000040E-7	1.00000000000000000E0
1.98300000000000010E-7	1.00000000000000000E0
1.98400000000000000E-7	1.00000000000000000E0
1.98500000000000010E-7	1.00000000000000000E0
1.98600000000000020E-7	1.00000000000000000E0
1.98699999999999970E-7	1.00000000000000000E0
1.98800000000000040E-7	1.00000000000000000E0
1.98900000000000050E-7	1.00000000000000000E0
1.99000000000000020E-7	1.00000000000000000E0
1.99100000000000010E-7	1.00000000000000000E0
1.99200000000000040E-7	1.00000000000000000E0
1.99300000000000010E-7	1.00000000000000000E0
1.99400000000000000E-7	1.00000000000000000E0
1.99499999999999990E-7	1.00000000000000000E0
1.99599999999999960E-7	1.00000000000000000E0
1.99700000000000010E-7	1.00000000000000000E0
1.99800000000000000E-7	1.00000000000000000E0
1.99900000000000060E-7	1.00000000000000000E0
2.00000000000000040E-7	1.00000000000000000E0


